0 4
1 5
2 6
3 5
4 5
5 6
6 6
7 5
8 6
9 6
10 8
11 8
12 6
13 6
14 6
15 5
16 4
17 5
18 4
19 6
20 6
21 6
22 6
23 6
24 6
25 7
26 8
27 7
28 7
29 6
30 5
31 4
32 4
33 4
34 6
35 7
36 6
37 6
38 7
39 7
40 6
41 6
42 6
43 7
44 8
45 6
46 6
47 6
48 6
49 5
50 7
51 7
52 8
53 10
54 7
55 7
56 7
57 7
58 7
59 9
60 7
61 9
62 9
63 7
64 7
65 7
66 8
67 9
68 9
69 7
70 8
71 7
72 7
73 6
74 6
75 6
76 6
77 6
78 5
79 5
80 5
81 5
82 4
83 4
84 4
85 5
86 7
87 6
88 6
89 6
90 5
91 5
92 5
93 5
94 6
95 6
96 3
97 3
98 3
99 4
100 5
101 5
102 5
103 6
104 5
105 4
106 4
107 4
108 6
109 6
110 6
111 5
112 5
113 5
114 5
115 5
116 5
117 6
118 5
119 5
120 4
121 4
122 4
123 4
124 6
125 6
126 6
127 7
128 7
129 6
130 7
131 7
132 8
133 9
134 7
135 7
136 8
137 6
138 5
139 6
140 5
141 7
142 7
143 6
144 6
145 6
146 5
147 5
148 6
149 5
150 7
151 7
152 7
153 6
154 6
155 6
156 7
157 8
158 7
159 7
160 6
161 5
162 4
163 4
164 4
165 5
166 6
167 5
168 5
169 6
170 6
171 5
172 5
173 5
174 7
175 9
176 7
177 7
178 7
179 6
180 5
181 7
182 7
183 8
184 8
185 5
186 5
187 5
188 5
189 6
190 9
191 7
192 8
193 8
194 7
195 7
196 7
197 8
198 10
199 10
200 7
201 8
202 8
203 8
204 7
205 7
206 7
207 7
208 6
209 5
210 5
211 4
212 4
213 3
214 3
215 3
216 4
217 7
218 6
219 6
220 6
221 6
222 6
223 6
224 6
225 7
226 7
227 3
228 3
229 3
230 4
231 5
232 5
233 5
234 6
235 5
236 4
237 5
238 5
239 6
240 6
241 6
242 5
243 5
244 5
245 6
246 6
247 5
248 6
249 6
250 6
251 5
252 5
253 5
254 5
255 6
256 6
257 6
258 6
259 6
260 5
261 6
262 6
263 7
264 9
265 7
266 7
267 8
268 7
269 6
270 7
271 6
272 8
273 8
274 6
275 6
276 6
277 5
278 5
279 6
280 5
281 7
282 6
283 6
284 5
285 5
286 5
287 6
288 8
289 7
290 7
291 7
292 7
293 6
294 6
295 6
296 7
297 8
298 6
299 6
300 7
301 5
302 4
303 4
304 4
305 6
306 8
307 6
308 6
309 6
310 5
311 5
312 7
313 7
314 8
315 8
316 5
317 5
318 5
319 6
320 7
321 9
322 7
323 8
324 8
325 7
326 7
327 7
328 8
329 8
330 8
331 6
332 6
333 6
334 6
335 5
336 5
337 5
338 6
339 6
340 5
341 5
342 5
343 5
344 4
345 4
346 4
347 5
348 5
349 4
350 4
351 4
352 4
353 4
354 5
355 5
356 6
357 6
358 4
359 4
360 4
361 5
362 7
363 7
364 6
365 7
366 6
367 5
368 6
369 6
370 7
371 7
372 6
373 5
374 5
375 4
376 5
377 5
378 4
379 5
380 5
381 6
382 5
383 5
384 5
385 6
386 7
387 7
388 7
389 7
390 7
391 5
392 6
393 6
394 7
395 8
396 6
397 6
398 7
399 6
400 5
401 7
402 6
403 7
404 7
405 6
406 6
407 6
408 5
409 6
410 7
411 5
412 7
413 7
414 7
415 6
416 6
417 6
418 7
419 8
420 7
421 7
422 6
423 6
424 5
425 5
426 5
427 6
428 8
429 6
430 6
431 7
432 6
433 5
434 5
435 5
436 7
437 9
438 6
439 6
440 6
441 5
442 5
443 7
444 7
445 8
446 7
447 4
448 4
449 4
450 5
451 6
452 7
453 5
454 6
455 6
456 6
457 6
458 6
459 7
460 7
461 7
462 6
463 6
464 6
465 5
466 4
467 4
468 4
469 5
470 5
471 4
472 4
473 4
474 4
475 4
476 4
477 4
478 5
479 5
480 4
481 4
482 4
483 5
484 5
485 6
486 6
487 7
488 7
489 5
490 5
491 5
492 6
493 6
494 6
495 5
496 5
497 4
498 3
499 5
500 5
501 6
502 7
503 7
504 6
505 6
506 6
507 7
508 7
509 5
510 6
511 6
512 5
513 4
514 4
515 4
516 5
517 6
518 6
519 6
520 6
521 6
522 5
523 6
524 6
525 7
526 9
527 7
528 7
529 8
530 7
531 6
532 8
533 7
534 8
535 8
536 6
537 6
538 6
539 5
540 6
541 7
542 5
543 6
544 6
545 7
546 6
547 6
548 6
549 7
550 8
551 7
552 7
553 7
554 7
555 5
556 5
557 5
558 6
559 7
560 5
561 5
562 6
563 5
564 4
565 5
566 5
567 6
568 8
569 6
570 6
571 6
572 5
573 6
574 8
575 7
576 9
577 9
578 6
579 6
580 6
581 7
582 8
583 8
584 6
585 7
586 5
587 5
588 5
589 5
590 6
591 6
592 7
593 6
594 6
595 6
596 6
597 5
598 5
599 5
600 6
601 6
602 4
603 4
604 4
605 4
606 4
607 4
608 4
609 5
610 4
611 3
612 3
613 3
614 4
615 4
616 5
617 5
618 6
619 6
620 5
621 5
622 5
623 6
624 6
625 6
626 5
627 5
628 4
629 3
630 5
631 5
632 6
633 7
634 7
635 6
636 6
637 6
638 7
639 8
640 6
641 6
642 6
643 5
644 4
645 4
646 4
647 6
648 7
649 6
650 6
651 7
652 7
653 6
654 7
655 7
656 8
657 8
658 6
659 6
660 6
661 5
662 4
663 5
664 4
665 5
666 6
667 5
668 5
669 5
670 5
671 6
672 7
673 6
674 7
675 7
676 6
677 5
678 5
679 5
680 6
681 7
682 6
683 6
684 6
685 6
686 5
687 5
688 5
689 6
690 7
691 5
692 5
693 6
694 6
695 5
696 7
697 7
698 8
699 10
700 8
701 8
702 8
703 7
704 7
705 9
706 7
707 8
708 8
709 6
710 6
711 6
712 7
713 8
714 8
715 6
716 7
717 6
718 6
719 5
720 5
721 6
722 6
723 6
724 5
725 5
726 5
727 5
728 4
729 4
730 4
731 4
732 4
733 3
734 3
735 3
736 3
737 4
738 4
739 4
740 6
741 6
742 5
743 5
744 5
745 6
746 6
747 6
748 6
749 7
750 5
751 4
752 4
753 4
754 5
755 5
756 6
757 5
758 5
759 4
760 4
761 6
762 6
763 7
764 8
765 8
766 6
767 6
768 6
769 7
770 8
771 6
772 6
773 6
774 5
775 4
776 4
777 4
778 5
779 6
780 5
781 5
782 6
783 6
784 5
785 6
786 6
787 8
788 9
789 7
790 7
791 7
792 6
793 5
794 6
795 5
796 6
797 6
798 5
799 5
800 5
801 5
802 6
803 8
804 7
805 7
806 7
807 6
808 5
809 5
810 5
811 7
812 8
813 6
814 6
815 7
816 7
817 6
818 6
819 6
820 7
821 6
822 4
823 4
824 4
825 4
826 3
827 5
828 5
829 6
830 9
831 8
832 8
833 8
834 8
835 8
836 10
837 8
838 9
839 9
840 6
841 6
842 6
843 7
844 8
845 8
846 6
847 7
848 6
849 6
850 6
851 6
852 6
853 6
854 6
855 5
856 5
857 5
858 6
859 5
860 4
861 4
862 5
863 5
864 4
865 4
866 4
867 4
868 4
869 4
870 4
871 5
872 5
873 4
874 4
875 4
876 5
877 6
878 6
879 6
880 7
881 6
882 5
883 5
884 5
885 6
886 6
887 5
888 4
889 4
890 3
891 3
892 5
893 5
894 6
895 6
896 6
897 5
898 5
899 5
900 6
901 8
902 6
903 6
904 7
905 7
906 6
907 7
908 7
909 8
910 9
911 7
912 7
913 8
914 6
915 5
916 6
917 5
918 7
919 8
920 7
921 7
922 7
923 6
924 6
925 7
926 6
927 7
928 7
929 6
930 5
931 5
932 5
933 6
934 7
935 6
936 6
937 6
938 5
939 4
940 4
941 4
942 5
943 6
944 5
945 5
946 6
947 6
948 5
949 5
950 5
951 7
952 7
953 5
954 5
955 5
956 5
957 4
958 6
959 6
960 7
961 7
962 6
963 6
964 6
965 6
966 6
967 9
968 7
969 8
970 8
971 7
972 7
973 7
974 8
975 10
976 10
977 7
978 8
979 7
980 7
981 7
982 7
983 7
984 7
985 6
986 5
987 5
988 4
989 5
990 4
991 3
992 3
993 4
994 5
995 4
996 4
997 4
998 5
999 5
1000 5
1001 5
1002 6
1003 6
1004 4
1005 4
1006 4
1007 5
1008 6
1009 6
1010 6
1011 7
1012 6
1013 5
1014 6
1015 6
1016 6
1017 6
1018 5
1019 4
1020 4
1021 3
1022 4
1023 6
1024 5
1025 6
1026 7
1027 7
1028 6
1029 6
1030 6
1031 7
1032 8
1033 6
1034 6
1035 6
1036 6
1037 5
1038 6
1039 6
1040 7
1041 9
1042 7
1043 7
1044 8
1045 7
1046 6
1047 7
1048 6
1049 8
1050 9
1051 7
1052 7
1053 7
1054 6
1055 6
1056 7
1057 6
1058 7
1059 6
1060 5
1061 4
1062 4
1063 4
1064 5
1065 7
1066 6
1067 6
1068 6
1069 6
1070 5
1071 5
1072 5
1073 6
1074 7
1075 5
1076 5
1077 6
1078 5
1079 4
1080 4
1081 4
1082 6
1083 6
1084 4
1085 4
1086 4
1087 4
1088 4
1089 6
1090 6
1091 7
1092 7
1093 6
1094 6
1095 6
1096 7
1097 7
1098 9
1099 7
1100 8
1101 8
1102 7
1103 7
1104 7
1105 8
1106 8
1107 8
1108 6
1109 6
1110 5
1111 5
1112 6
1113 6
1114 6
1115 7
1116 7
1117 6
1118 6
1119 6
1120 7
1121 6
1122 4
1123 4
1124 5
1125 4
1126 3
1127 3
1128 3
1129 4
1130 4
1131 5
1132 5
1133 6
1134 6
1135 5
1136 5
1137 5
1138 6
1139 8
1140 8
1141 7
1142 8
1143 7
1144 6
1145 7
1146 7
1147 7
1148 7
1149 5
1150 4
1151 4
1152 3
1153 4
1154 6
1155 5
1156 6
1157 7
1158 8
1159 7
1160 7
1161 7
1162 8
1163 9
1164 7
1165 7
1166 7
1167 7
1168 5
1169 6
1170 6
1171 7
1172 8
1173 6
1174 6
1175 7
1176 6
1177 5
1178 7
1179 6
1180 7
1181 8
1182 7
1183 7
1184 7
1185 6
1186 7
1187 8
1188 6
1189 7
1190 7
1191 6
1192 5
1193 5
1194 5
1195 6
1196 7
1197 6
1198 6
1199 5
1200 5
1201 4
1202 4
1203 4
1204 5
1205 7
1206 5
1207 5
1208 6
1209 6
1210 5
1211 5
1212 5
1213 7
1214 7
1215 4
1216 4
1217 4
1218 4
1219 4
1220 6
1221 6
1222 7
1223 6
1224 5
1225 5
1226 5
1227 6
1228 6
1229 7
1230 5
1231 6
1232 6
1233 6
1234 6
1235 6
1236 7
1237 7
1238 7
1239 6
1240 6
1241 5
1242 4
1243 5
1244 5
1245 5
1246 6
1247 6
1248 5
1249 5
1250 5
1251 6
1252 6
1253 4
1254 4
1255 5
1256 4
1257 3
1258 3
1259 3
1260 5
1261 5
1262 6
1263 6
1264 7
1265 7
1266 6
1267 6
1268 6
1269 7
1270 7
1271 7
1272 6
1273 6
1274 5
1275 4
1276 6
1277 6
1278 6
1279 7
1280 6
1281 5
1282 5
1283 5
1284 6
1285 8
1286 6
1287 7
1288 8
1289 7
1290 6
1291 6
1292 6
1293 7
1294 8
1295 6
1296 6
1297 6
1298 6
1299 5
1300 6
1301 6
1302 7
1303 8
1304 6
1305 6
1306 7
1307 7
1308 6
1309 8
1310 7
1311 8
1312 9
1313 8
1314 8
1315 8
1316 7
1317 7
1318 8
1319 6
1320 6
1321 6
1322 6
1323 5
1324 5
1325 5
1326 6
1327 7
1328 6
1329 6
1330 6
1331 6
1332 4
1333 4
1334 4
1335 5
1336 6
1337 4
1338 4
1339 5
1340 5
1341 4
1342 5
1343 5
1344 6
1345 6
1346 4
1347 4
1348 4
1349 4
1350 5
1351 7
1352 6
1353 8
1354 8
1355 7
1356 7
1357 7
1358 8
1359 8
1360 8
1361 6
1362 7
1363 5
1364 5
1365 5
1366 5
1367 6
1368 6
1369 7
1370 6
1371 6
1372 5
1373 5
1374 6
1375 6
1376 6
1377 7
1378 7
1379 5
1380 5
1381 5
1382 6
1383 6
1384 4
1385 4
1386 5
1387 4
1388 3
1389 3
1390 3
1391 4
1392 4
1393 5
1394 5
1395 6
1396 6
1397 5
1398 5
1399 5
1400 6
1401 7
1402 7
1403 6
1404 6
1405 5
1406 4
1407 6
1408 6
1409 6
1410 7
1411 6
1412 5
1413 5
1414 5
1415 6
1416 9
1417 7
1418 7
1419 8
1420 7
1421 6
1422 6
1423 6
1424 8
1425 9
1426 6
1427 6
1428 7
1429 7
1430 6
1431 7
1432 7
1433 8
1434 7
1435 5
1436 5
1437 5
1438 5
1439 4
1440 5
1441 4
1442 5
1443 7
1444 7
1445 7
1446 7
1447 7
1448 7
1449 8
1450 7
1451 7
1452 7
1453 5
1454 4
1455 4
1456 4
1457 5
1458 6
1459 5
1460 5
1461 5
1462 5
1463 4
1464 4
1465 4
1466 5
1467 6
1468 4
1469 4
1470 5
1471 6
1472 5
1473 7
1474 7
1475 8
1476 8
1477 6
1478 6
1479 6
1480 6
1481 6
1482 8
1483 6
1484 7
1485 7
1486 6
1487 6
1488 6
1489 7
1490 8
1491 8
1492 6
1493 7
1494 6
1495 6
1496 6
1497 6
1498 7
1499 7
1500 6
1501 5
1502 5
1503 4
1504 4
1505 5
1506 5
1507 5
1508 5
1509 5
1510 4
1511 4
1512 4
1513 5
1514 6
1515 4
1516 4
1517 6
1518 6
1519 5
1520 5
1521 5
1522 6
1523 6
1524 6
1525 6
1526 7
1527 5
1528 4
1529 4
1530 4
1531 5
1532 6
1533 7
1534 6
1535 6
1536 5
1537 5
1538 7
1539 7
1540 7
1541 8
1542 7
1543 5
1544 5
1545 5
1546 6
1547 8
1548 6
1549 6
1550 7
1551 6
1552 5
1553 5
1554 5
1555 6
1556 7
1557 5
1558 5
1559 6
1560 6
1561 5
1562 6
1563 6
1564 8
1565 8
1566 6
1567 6
1568 6
1569 6
1570 5
1571 6
1572 5
1573 6
1574 6
1575 6
1576 6
1577 6
1578 6
1579 6
1580 8
1581 7
1582 7
1583 7
1584 6
1585 5
1586 5
1587 5
1588 7
1589 8
1590 6
1591 6
1592 6
1593 6
1594 5
1595 5
1596 5
1597 6
1598 5
1599 3
1600 3
1601 3
1602 4
1603 3
1604 5
1605 5
1606 6
1607 7
1608 6
1609 6
1610 6
1611 7
1612 7
1613 9
1614 7
1615 8
1616 8
1617 6
1618 6
1619 6
1620 7
1621 8
1622 8
1623 6
1624 7
1625 6
1626 6
1627 7
1628 7
1629 7
1630 7
1631 6
1632 5
1633 5
1634 4
1635 5
1636 6
1637 5
1638 5
1639 6
1640 6
1641 5
1642 5
1643 5
1644 6
1645 6
1646 4
1647 4
1648 5
1649 5
1650 4
1651 4
1652 4
1653 5
1654 6
1655 6
1656 6
1657 7
1658 6
1659 5
1660 5
1661 5
1662 6
1663 7
1664 6
1665 5
1666 5
1667 4
1668 4
1669 6
1670 6
1671 6
1672 6
1673 5
1674 4
1675 4
1676 4
1677 5
1678 8
1679 6
1680 6
1681 7
1682 7
1683 6
1684 7
1685 7
1686 8
1687 9
1688 6
1689 6
1690 7
1691 6
1692 5
1693 6
1694 5
1695 7
1696 7
1697 6
1698 6
1699 6
1700 6
1701 6
1702 7
1703 6
1704 7
1705 7
1706 7
1707 6
1708 6
1709 6
1710 6
1711 7
1712 6
1713 6
1714 6
1715 5
1716 4
1717 4
1718 4
1719 5
1720 6
1721 5
1722 5
1723 5
1724 5
1725 5
1726 5
1727 5
1728 7
1729 7
1730 5
1731 5
1732 5
1733 6
1734 5
1735 6
1736 6
1737 7
1738 6
1739 5
1740 5
1741 5
1742 6
1743 6
1744 9
1745 7
1746 8
1747 8
1748 7
1749 7
1750 7
1751 8
1752 10
1753 10
1754 7
1755 8
1756 7
1757 7
1758 8
1759 8
1760 8
1761 8
1762 6
1763 5
1764 5
1765 4
1766 5
1767 6
1768 5
1769 5
1770 6
1771 7
1772 6
1773 6
1774 6
1775 7
1776 7
1777 5
1778 5
1779 6
1780 6
1781 4
1782 4
1783 4
1784 5
1785 6
1786 6
1787 6
1788 7
1789 6
1790 5
1791 6
1792 6
1793 6
1794 7
1795 6
1796 5
1797 5
1798 4
1799 5
1800 7
1801 6
1802 6
1803 7
1804 6
1805 5
1806 5
1807 5
1808 6
1809 7
1810 5
1811 5
1812 5
1813 5
1814 4
1815 5
1816 5
1817 6
1818 8
1819 6
1820 6
1821 7
1822 7
1823 6
1824 7
1825 6
1826 8
1827 8
1828 6
1829 6
1830 6
1831 6
1832 6
1833 7
1834 6
1835 7
1836 6
1837 6
1838 5
1839 5
1840 5
1841 5
1842 7
1843 6
1844 6
1845 6
1846 6
1847 5
1848 5
1849 5
1850 6
1851 7
1852 5
1853 5
1854 5
1855 4
1856 4
1857 4
1858 4
1859 6
1860 6
1861 4
1862 4
1863 4
1864 5
1865 5
1866 6
1867 6
1868 7
1869 6
1870 5
1871 5
1872 5
1873 7
1874 7
1875 9
1876 7
1877 8
1878 8
1879 7
1880 7
1881 7
1882 8
1883 8
1884 8
1885 6
1886 6
1887 5
1888 5
1889 7
1890 7
1891 7
1892 8
1893 7
1894 6
1895 6
1896 6
1897 7
1898 8
1899 6
1900 6
1901 7
1902 6
1903 5
1904 5
1905 5
1906 6
1907 6
1908 6
1909 6
1910 7
1911 7
1912 6
1913 6
1914 6
1915 7
1916 8
1917 8
1918 6
1919 7
1920 6
1921 5
1922 6
1923 6
1924 6
1925 7
1926 6
1927 5
1928 5
1929 4
1930 5
1931 7
1932 6
1933 6
1934 7
1935 7
1936 6
1937 6
1938 6
1939 7
1940 8
1941 6
1942 6
1943 6
1944 6
1945 4
1946 5
1947 5
1948 6
1949 7
1950 5
1951 5
1952 6
1953 6
1954 5
1955 7
1956 6
1957 7
1958 7
1959 6
1960 6
1961 6
1962 6
1963 7
1964 8
1965 6
1966 7
1967 7
1968 7
1969 6
1970 6
1971 6
1972 6
1973 7
1974 6
1975 6
1976 5
1977 5
1978 4
1979 4
1980 4
1981 5
1982 7
1983 5
1984 5
1985 5
1986 5
1987 5
1988 5
1989 5
1990 7
1991 7
1992 4
1993 4
1994 4
1995 5
1996 5
1997 6
1998 6
1999 7
2000 6
2001 5
2002 5
2003 5
2004 6
2005 6
2006 7
2007 5
2008 6
2009 6
2010 5
2011 5
2012 5
2013 6
2014 7
2015 7
2016 6
2017 6
2018 5
2019 4
2020 6
2021 6
2022 6
2023 7
2024 6
2025 5
2026 5
2027 5
2028 6
2029 8
2030 6
2031 6
2032 7
2033 6
2034 5
2035 5
2036 5
2037 7
2038 7
2039 7
2040 7
2041 8
2042 8
2043 7
2044 7
2045 7
2046 8
2047 7
2048 7
2049 5
2050 5
2051 4
2052 3
2053 5
2054 5
2055 5
2056 7
2057 7
2058 6
2059 6
2060 6
2061 7
2062 9
2063 7
2064 7
2065 8
2066 6
2067 5
2068 5
2069 5
2070 6
2071 7
2072 5
2073 5
2074 5
2075 5
2076 4
2077 5
2078 5
2079 6
2080 7
2081 5
2082 5
2083 6
2084 7
2085 6
2086 8
2087 7
2088 8
2089 8
2090 7
2091 7
2092 7
2093 7
2094 7
2095 8
2096 6
2097 6
2098 6
2099 6
2100 5
2101 5
2102 5
2103 6
2104 7
2105 6
2106 6
2107 6
2108 6
2109 5
2110 5
2111 5
2112 6
2113 6
2114 4
2115 4
2116 4
2117 4
2118 4
2119 5
2120 5
2121 6
2122 6
2123 4
2124 4
2125 4
2126 5
2127 6
2128 7
2129 6
2130 8
2131 8
2132 7
2133 7
2134 7
2135 8
2136 8
2137 8
2138 6
2139 7
2140 5
2141 4
2142 4
2143 4
2144 5
2145 6
2146 7
2147 6
2148 6
2149 5
2150 5
2151 7
2152 7
2153 7
2154 8
2155 7
2156 5
2157 5
2158 5
2159 6
2160 7
2161 5
2162 5
2163 6
2164 5
2165 4
2166 4
2167 4
2168 5
2169 5
2170 6
2171 6
2172 7
2173 7
2174 6
2175 6
2176 6
2177 7
2178 7
2179 7
2180 5
2181 5
2182 4
2183 3
2184 5
2185 5
2186 5
2187 6
2188 6
2189 5
2190 5
2191 5
2192 6
2193 9
2194 7
2195 7
2196 8
2197 7
2198 6
2199 6
2200 6
2201 8
2202 9
2203 6
2204 6
2205 6
2206 6
2207 5
2208 6
2209 6
2210 7
2211 6
2212 4
2213 4
2214 4
2215 5
2216 4
2217 5
2218 4
2219 5
2220 6
2221 6
2222 6
2223 6
2224 7
2225 7
2226 8
2227 7
2228 7
2229 7
2230 5
2231 4
2232 4
2233 4
2234 5
2235 6
2236 5
2237 5
2238 5
2239 5
2240 5
2241 5
2242 5
2243 6
2244 6
2245 4
2246 4
2247 4
2248 5
2249 5
2250 6
2251 6
2252 7
2253 7
2254 5
2255 5
2256 5
2257 6
2258 6
2259 7
2260 6
2261 7
2262 7
2263 6
2264 6
2265 6
2266 7
2267 8
2268 8
2269 6
2270 7
2271 6
2272 5
2273 5
2274 5
2275 6
2276 7
2277 6
2278 5
2279 5
2280 4
2281 4
2282 6
2283 6
2284 6
2285 6
2286 5
2287 4
2288 4
2289 4
2290 5
2291 7
2292 5
2293 5
2294 6
2295 6
2296 5
2297 5
2298 5
2299 6
2300 6
2301 6
2302 6
2303 7
2304 6
2305 5
2306 5
2307 5
2308 6
2309 6
2310 7
2311 5
2312 5
2313 4
2314 4
2315 6
2316 6
2317 6
2318 7
2319 7
2320 5
2321 5
2322 5
2323 6
2324 8
2325 6
2326 6
2327 7
2328 6
2329 5
2330 5
2331 5
2332 6
2333 7
2334 5
2335 5
2336 5
2337 5
2338 5
2339 6
2340 6
2341 8
2342 8
2343 6
2344 6
2345 6
2346 7
2347 6
2348 6
2349 5
2350 6
2351 5
2352 5
2353 5
2354 5
2355 6
2356 6
2357 8
2358 7
2359 7
2360 7
2361 6
2362 5
2363 5
2364 5
2365 7
2366 8
2367 6
2368 6
2369 6
2370 6
2371 7
2372 7
2373 7
2374 8
2375 6
2376 4
2377 4
2378 4
2379 5
2380 5
2381 5
2382 5
2383 6
2384 7
2385 6
2386 6
2387 6
2388 7
2389 7
2390 8
2391 7
2392 8
2393 8
2394 6
2395 6
2396 6
2397 7
2398 8
2399 8
2400 6
2401 7
2402 6
2403 5
2404 6
2405 6
2406 6
2407 7
2408 6
2409 5
2410 5
2411 4
2412 5
2413 7
2414 6
2415 6
2416 7
2417 6
2418 5
2419 5
2420 5
2421 6
2422 6
2423 4
2424 4
2425 4
2426 4
2427 3
2428 3
2429 3
2430 4
2431 5
2432 6
2433 6
2434 7
2435 7
2436 6
2437 6
2438 6
2439 7
2440 7
2441 6
2442 4
2443 4
2444 3
2445 3
2446 5
2447 5
2448 5
2449 5
2450 5
2451 4
2452 4
2453 4
2454 5
2455 8
2456 6
2457 6
2458 7
2459 7
2460 6
2461 7
2462 7
2463 8
2464 9
2465 6
2466 6
2467 6
2468 5
2469 5
2470 6
2471 5
2472 7
2473 7
2474 6
2475 6
2476 6
2477 7
2478 7
2479 7
2480 6
2481 7
2482 6
2483 6
2484 5
2485 5
2486 6
2487 6
2488 7
2489 6
2490 6
2491 6
2492 5
2493 4
2494 5
2495 5
2496 6
2497 7
2498 6
2499 6
2500 6
2501 6
2502 8
2503 8
2504 7
2505 9
2506 8
2507 6
2508 6
2509 6
2510 7
2511 7
2512 6
2513 6
2514 7
2515 6
2516 5
2517 5
2518 5
2519 6
2520 6
2521 9
2522 8
2523 9
2524 9
2525 8
2526 8
2527 8
2528 9
2529 10
2530 10
2531 6
2532 7
2533 6
2534 5
2535 6
2536 6
2537 6
2538 7
2539 6
2540 5
2541 5
2542 4
2543 5
2544 7
2545 6
2546 6
2547 7
2548 7
2549 6
2550 6
2551 6
2552 7
2553 7
2554 5
2555 5
2556 5
2557 5
2558 3
2559 3
2560 3
2561 4
2562 5
2563 6
2564 6
2565 7
2566 7
2567 6
2568 7
2569 7
2570 7
2571 7
2572 6
2573 4
2574 4
2575 3
2576 4
2577 6
2578 5
2579 5
2580 6
2581 6
2582 5
2583 5
2584 5
2585 6
2586 7
2587 5
2588 5
2589 5
2590 5
2591 4
2592 5
2593 5
2594 6
2595 8
2596 6
2597 6
2598 6
2599 6
2600 6
2601 7
2602 6
2603 8
2604 8
2605 6
2606 6
2607 6
2608 7
2609 7
2610 7
2611 6
2612 7
2613 6
2614 6
2615 5
2616 5
2617 5
2618 5
2619 7
2620 6
2621 6
2622 6
2623 5
2624 4
2625 4
2626 4
2627 6
2628 7
2629 5
2630 5
2631 5
2632 4
2633 6
2634 6
2635 6
2636 8
2637 7
2638 5
2639 5
2640 5
2641 6
2642 7
2643 6
2644 6
2645 7
2646 6
2647 5
2648 5
2649 5
2650 7
2651 7
2652 9
2653 8
2654 9
2655 9
2656 8
2657 8
2658 8
2659 9
2660 8
2661 8
2662 5
2663 5
2664 4
2665 3
2666 5
2667 5
2668 5
2669 7
2670 7
2671 6
2672 6
2673 6
2674 7
2675 9
2676 7
2677 7
2678 8
2679 6
2680 5
2681 5
2682 5
2683 6
2684 6
2685 5
2686 5
2687 5
2688 5
2689 4
2690 4
2691 4
2692 5
2693 6
2694 7
2695 6
2696 7
2697 7
2698 6
2699 7
2700 7
2701 7
2702 7
2703 6
2704 4
2705 4
2706 3
2707 4
2708 6
2709 5
2710 5
2711 6
2712 6
2713 5
2714 5
2715 5
2716 7
2717 8
2718 6
2719 6
2720 6
2721 6
2722 5
2723 6
2724 6
2725 7
2726 7
2727 5
2728 5
2729 5
2730 5
2731 5
2732 7
2733 6
2734 7
2735 7
2736 6
2737 6
2738 6
2739 7
2740 8
2741 8
2742 6
2743 7
2744 7
2745 7
2746 6
2747 6
2748 6
2749 6
2750 7
2751 6
2752 6
2753 5
2754 4
2755 3
2756 3
2757 3
2758 5
2759 7
2760 5
2761 5
2762 5
2763 5
2764 7
2765 7
2766 7
2767 9
2768 8
2769 5
2770 5
2771 5
2772 6
2773 7
2774 6
2775 6
2776 7
2777 6
2778 5
2779 5
2780 5
2781 6
2782 6
2783 7
2784 6
2785 7
2786 7
2787 6
2788 6
2789 6
2790 7
2791 7
2792 7
2793 5
2794 5
2795 4
2796 3
2797 5
2798 5
2799 5
2800 6
2801 6
2802 5
2803 5
2804 5
2805 6
2806 8
2807 6
2808 6
2809 7
2810 6
2811 5
2812 5
2813 5
2814 7
2815 7
2816 6
2817 6
2818 6
2819 6
2820 5
2821 5
2822 5
2823 6
2824 5
2825 6
2826 5
2827 5
2828 5
2829 4
2830 6
2831 6
2832 6
2833 7
2834 7
2835 5
2836 5
2837 5
2838 6
2839 8
2840 6
2841 6
2842 7
2843 5
2844 4
2845 4
2846 4
2847 6
2848 7
2849 5
2850 5
2851 5
2852 5
2853 5
2854 6
2855 6
2856 7
2857 7
2858 5
2859 5
2860 5
2861 6
2862 6
2863 8
2864 7
2865 8
2866 8
2867 7
2868 7
2869 7
2870 8
2871 8
2872 8
2873 6
2874 6
2875 6
2876 6
2877 5
2878 5
2879 5
2880 6
2881 7
2882 6
2883 6
2884 6
2885 5
2886 4
2887 4
2888 4
2889 6
2890 6
2891 4
2892 4
2893 4
2894 4
2895 6
2896 7
2897 7
2898 8
2899 7
2900 5
2901 5
2902 5
2903 6
2904 8
2905 7
2906 6
2907 7
2908 7
2909 6
2910 6
2911 6
2912 7
2913 7
2914 7
2915 6
2916 7
2917 6
2918 5
2919 5
2920 5
2921 6
2922 6
2923 7
2924 5
2925 5
2926 4
2927 4
2928 6
2929 6
2930 6
2931 7
2932 7
2933 5
2934 5
2935 5
2936 6
2937 7
2938 5
2939 5
2940 6
2941 5
2942 4
2943 4
2944 4
2945 5
2946 5
2947 5
2948 5
2949 5
2950 5
2951 5
2952 5
2953 5
2954 6
2955 6
2956 7
2957 6
2958 6
2959 6
2960 5
2961 6
2962 6
2963 6
2964 6
2965 6
2966 4
2967 4
2968 4
2969 5
2970 8
2971 6
2972 6
2973 7
2974 6
2975 5
2976 5
2977 5
2978 8
2979 9
2980 6
2981 6
2982 6
2983 6
2984 6
2985 7
2986 7
2987 8
2988 6
2989 4
2990 4
2991 4
2992 5
2993 5
2994 6
2995 5
2996 6
2997 7
2998 7
2999 7
3000 7
3001 8
3002 8
3003 8
3004 7
3005 7
3006 7
3007 5
3008 4
3009 4
3010 4
3011 5
3012 6
3013 5
3014 5
3015 5
3016 4
3017 4
3018 4
3019 4
3020 6
3021 6
3022 4
3023 4
3024 4
3025 5
3026 7
3027 8
3028 8
3029 9
3030 8
3031 6
3032 6
3033 6
3034 7
3035 7
3036 6
3037 5
3038 5
3039 5
3040 4
3041 4
3042 4
3043 5
3044 6
3045 7
3046 6
3047 7
3048 7
3049 6
3050 6
3051 6
3052 7
3053 7
3054 6
3055 4
3056 4
3057 3
3058 3
3059 5
3060 5
3061 5
3062 5
3063 5
3064 4
3065 4
3066 4
3067 5
3068 7
3069 5
3070 5
3071 6
3072 6
3073 5
3074 5
3075 5
3076 6
3077 6
3078 5
3079 5
3080 5
3081 4
3082 4
3083 4
3084 4
3085 5
3086 5
3087 7
3088 6
3089 6
3090 6
3091 6
3092 7
3093 7
3094 7
3095 7
3096 7
3097 4
3098 4
3099 4
3100 5
3101 7
3102 5
3103 5
3104 6
3105 5
3106 4
3107 5
3108 5
3109 7
3110 8
3111 6
3112 6
3113 6
3114 6
3115 7
3116 8
3117 7
3118 9
3119 8
3120 6
3121 6
3122 6
3123 7
3124 7
3125 7
3126 6
3127 7
3128 6
3129 6
3130 6
3131 6
3132 7
3133 7
3134 9
3135 8
3136 8
3137 8
3138 7
3139 6
3140 6
3141 6
3142 7
3143 8
3144 5
3145 5
3146 5
3147 4
3148 4
3149 4
3150 4
3151 6
3152 5
3153 3
3154 3
3155 3
3156 4
3157 6
3158 7
3159 7
3160 8
3161 8
3162 7
3163 7
3164 7
3165 8
3166 8
3167 7
3168 6
3169 6
3170 6
3171 4
3172 4
3173 4
3174 5
3175 6
3176 7
3177 6
3178 7
3179 7
3180 6
3181 7
3182 7
3183 7
3184 7
3185 6
3186 4
3187 4
3188 3
3189 4
3190 6
3191 5
3192 5
3193 6
3194 6
3195 5
3196 5
3197 5
3198 6
3199 6
3200 4
3201 4
3202 4
3203 4
3204 3
3205 3
3206 3
3207 4
3208 5
3209 5
3210 5
3211 5
3212 5
3213 5
3214 5
3215 5
3216 6
3217 6
3218 5
3219 4
3220 4
3221 4
3222 4
3223 5
3224 5
3225 5
3226 5
3227 5
3228 4
3229 4
3230 4
3231 5
3232 8
3233 6
3234 6
3235 7
3236 6
3237 5
3238 7
3239 7
3240 9
3241 10
3242 7
3243 7
3244 7
3245 6
3246 7
3247 8
3248 6
3249 8
3250 7
3251 6
3252 6
3253 6
3254 7
3255 8
3256 8
3257 7
3258 8
3259 7
3260 7
3261 6
3262 6
3263 7
3264 7
3265 8
3266 7
3267 7
3268 7
3269 6
3270 5
3271 5
3272 5
3273 5
3274 6
3275 4
3276 4
3277 4
3278 3
3279 4
3280 4
3281 4
3282 7
3283 7
3284 5
3285 5
3286 5
3287 6
3288 8
3289 8
3290 8
3291 9
3292 7
3293 6
3294 6
3295 6
3296 7
3297 7
3298 7
3299 6
3300 6
3301 6
3302 5
3303 5
3304 5
3305 6
3306 7
3307 8
3308 6
3309 7
3310 7
3311 6
3312 7
3313 7
3314 7
3315 7
3316 6
3317 4
3318 4
3319 3
3320 4
3321 6
3322 5
3323 5
3324 6
3325 6
3326 5
3327 5
3328 5
3329 7
3330 7
3331 5
3332 5
3333 5
3334 5
3335 4
3336 4
3337 4
3338 5
3339 5
3340 5
3341 5
3342 5
3343 5
3344 5
3345 6
3346 6
3347 6
3348 6
3349 5
3350 4
3351 4
3352 4
3353 5
3354 6
3355 5
3356 5
3357 6
3358 6
3359 5
3360 5
3361 5
3362 6
3363 7
3364 5
3365 5
3366 5
3367 4
3368 3
3369 5
3370 5
3371 7
3372 9
3373 7
3374 7
3375 7
3376 7
3377 8
3378 9
3379 7
3380 9
3381 8
3382 6
3383 6
3384 6
3385 7
3386 8
3387 8
3388 7
3389 8
3390 7
3391 7
3392 6
3393 6
3394 6
3395 6
3396 8
3397 7
3398 7
3399 7
3400 6
3401 5
3402 5
3403 5
3404 6
3405 7
3406 4
3407 4
3408 4
3409 3
3410 4
3411 4
3412 4
3413 6
3414 6
3415 4
3416 4
3417 4
3418 5
3419 7
3420 7
3421 7
3422 8
3423 7
3424 6
3425 6
3426 6
3427 8
3428 8
3429 7
3430 6
3431 6
3432 6
3433 5
3434 5
3435 5
3436 6
3437 5
3438 6
3439 5
3440 5
3441 5
3442 4
3443 6
3444 6
3445 6
3446 7
3447 7
3448 5
3449 6
3450 6
3451 7
3452 9
3453 7
3454 7
3455 8
3456 6
3457 5
3458 5
3459 4
3460 6
3461 6
3462 5
3463 5
3464 5
3465 5
3466 5
3467 5
3468 5
3469 6
3470 6
3471 6
3472 5
3473 5
3474 5
3475 5
3476 6
3477 6
3478 6
3479 6
3480 5
3481 4
3482 4
3483 4
3484 5
3485 6
3486 5
3487 5
3488 6
3489 6
3490 5
3491 5
3492 5
3493 7
3494 8
3495 6
3496 6
3497 6
3498 5
3499 4
3500 6
3501 6
3502 8
3503 8
3504 6
3505 6
3506 6
3507 6
3508 7
3509 9
3510 7
3511 8
3512 7
3513 6
3514 6
3515 6
3516 7
3517 9
3518 9
3519 7
3520 8
3521 8
3522 8
3523 7
3524 7
3525 7
3526 7
3527 8
3528 7
3529 7
3530 6
3531 5
3532 4
3533 4
3534 4
3535 5
3536 7
3537 4
3538 4
3539 4
3540 4
3541 5
3542 5
3543 5
3544 7
3545 7
3546 4
3547 4
3548 4
3549 5
3550 6
3551 6
3552 6
3553 7
3554 6
3555 5
3556 5
3557 5
3558 6
3559 6
3560 6
3561 5
3562 5
3563 5
3564 5
3565 5
3566 5
3567 6
3568 6
3569 7
3570 6
3571 6
3572 6
3573 5
3574 6
3575 6
3576 6
3577 6
3578 6
3579 4
3580 5
3581 5
3582 6
3583 8
3584 6
3585 6
3586 7
3587 6
3588 5
3589 5
3590 4
3591 7
3592 7
3593 6
3594 6
3595 6
3596 6
3597 6
3598 6
3599 6
3600 7
3601 5
3602 5
3603 4
3604 4
3605 4
3606 4
3607 6
3608 6
3609 6
3610 7
3611 7
3612 6
3613 6
3614 6
3615 7
3616 8
3617 6
3618 6
3619 7
3620 5
3621 4
3622 4
3623 4
3624 6
3625 7
3626 5
3627 5
3628 5
3629 4
3630 4
3631 6
3632 6
3633 8
3634 8
3635 6
3636 6
3637 6
3638 7
3639 8
3640 10
3641 8
3642 9
3643 8
3644 7
3645 7
3646 7
3647 8
3648 8
3649 8
3650 6
3651 6
3652 6
3653 6
3654 5
3655 5
3656 5
3657 6
3658 8
3659 7
3660 7
3661 7
3662 6
3663 5
3664 5
3665 5
3666 6
3667 6
3668 3
3669 3
3670 3
3671 3
3672 4
3673 5
3674 5
3675 6
3676 6
3677 4
3678 4
3679 4
3680 5
3681 7
3682 7
3683 6
3684 7
3685 7
3686 6
3687 6
3688 6
3689 7
3690 7
3691 6
3692 5
3693 5
3694 4
3695 4
3696 4
3697 4
3698 5
3699 5
3700 7
3701 6
3702 6
3703 6
3704 6
3705 7
3706 7
3707 7
3708 7
3709 7
3710 4
3711 5
3712 5
3713 6
3714 7
3715 5
3716 5
3717 6
3718 5
3719 4
3720 5
3721 4
3722 6
3723 6
3724 6
3725 6
3726 6
3727 6
3728 7
3729 7
3730 6
3731 7
3732 6
3733 6
3734 5
3735 5
3736 5
3737 5
3738 6
3739 6
3740 6
3741 6
3742 6
3743 5
3744 5
3745 5
3746 6
3747 9
3748 7
3749 7
3750 8
3751 7
3752 6
3753 6
3754 6
3755 8
3756 9
3757 5
3758 5
3759 5
3760 4
3761 4
3762 6
3763 6
3764 8
3765 7
3766 5
3767 5
3768 5
3769 6
3770 7
3771 8
3772 6
3773 7
3774 7
3775 7
3776 7
3777 7
3778 8
3779 8
3780 8
3781 7
3782 7
3783 7
3784 5
3785 4
3786 4
3787 4
3788 5
3789 7
3790 6
3791 6
3792 6
3793 5
3794 5
3795 5
3796 5
3797 6
3798 6
3799 3
3800 3
3801 3
3802 4
3803 5
3804 6
3805 6
3806 7
3807 7
3808 5
3809 5
3810 5
3811 6
3812 6
3813 6
3814 5
3815 5
3816 5
3817 4
3818 4
3819 4
3820 5
3821 6
3822 6
3823 5
3824 5
3825 5
3826 5
3827 5
3828 5
3829 6
3830 6
3831 5
3832 4
3833 4
3834 4
3835 4
3836 5
3837 5
3838 5
3839 5
3840 5
3841 4
3842 5
3843 5
3844 6
3845 8
3846 6
3847 6
3848 7
3849 6
3850 5
3851 6
3852 5
3853 7
3854 7
3855 6
3856 6
3857 6
3858 5
3859 6
3860 6
3861 5
3862 6
3863 5
3864 6
3865 5
3866 5
3867 5
3868 6
3869 7
3870 7
3871 7
3872 7
3873 7
3874 5
3875 5
3876 5
3877 6
3878 8
3879 6
3880 6
3881 7
3882 6
3883 5
3884 6
3885 6
3886 7
3887 8
3888 5
3889 5
3890 5
3891 4
3892 5
3893 7
3894 6
3895 9
3896 9
3897 7
3898 7
3899 7
3900 8
3901 9
3902 9
3903 7
3904 8
3905 6
3906 6
3907 6
3908 6
3909 7
3910 7
3911 8
3912 7
3913 7
3914 7
3915 6
3916 5
3917 5
3918 5
3919 6
3920 8
3921 6
3922 6
3923 6
3924 5
3925 5
3926 5
3927 5
3928 6
3929 5
3930 2
3931 2
3932 2
3933 3
3934 4
3935 5
3936 5
3937 6
3938 6
3939 5
3940 5
3941 5
3942 6
3943 6
3944 6
3945 5
3946 5
3947 5
3948 4
3949 4
3950 4
3951 5
3952 6
3953 6
3954 5
3955 5
3956 5
3957 5
3958 6
3959 6
3960 6
3961 6
3962 5
3963 4
3964 4
3965 4
3966 5
3967 6
3968 5
3969 5
3970 6
3971 6
3972 5
3973 6
3974 6
3975 7
3976 7
3977 5
3978 5
3979 5
3980 4
3981 3
3982 4
3983 3
3984 5
3985 6
3986 6
3987 6
3988 6
3989 6
3990 7
3991 7
3992 6
3993 7
3994 6
3995 5
3996 4
3997 4
3998 4
3999 5
4000 6
4001 6
4002 6
4003 6
4004 6
4005 5
4006 5
4007 5
4008 6
4009 9
4010 7
4011 7
4012 8
4013 7
4014 6
4015 8
4016 8
4017 9
4018 10
4019 6
4020 6
4021 6
4022 5
4023 6
4024 8
4025 6
4026 8
4027 8
4028 7
4029 7
4030 7
4031 8
4032 9
4033 9
4034 7
4035 8
4036 7
4037 7
4038 6
4039 6
4040 7
4041 7
4042 7
4043 6
4044 6
4045 6
4046 5
4047 4
4048 4
4049 4
4050 4
4051 6
4052 5
4053 5
4054 5
4055 4
4056 5
4057 5
4058 5
4059 7
4060 7
4061 4
4062 4
4063 4
4064 5
4065 6
4066 6
4067 6
4068 7
4069 5
4070 4
4071 4
4072 4
4073 5
4074 5
4075 6
4076 5
4077 5
4078 5
4079 5
4080 5
4081 5
4082 6
4083 7
4084 7
4085 5
4086 5
4087 5
4088 5
4089 6
4090 6
4091 6
4092 6
4093 5
4094 4
4095 4
