[  208.524532] get_1000  get_linear_detection_num  get_page_num
[  208.524542] 0 3000 3000
[  208.524543] 1 3000 3000
[  208.524545] 2 3000 3000
[  208.524546] 3 3000 3000
[  208.524547] 4 3000 3000
[  208.524548] 5 3000 3000
[  208.524550] 6 3000 3000
[  208.524551] 7 3000 3000
[  208.524552] 8 3000 3000
[  208.524554] 9 3000 3000
[  208.524555] 10 3000 3000
[  208.524560] 11 3000 3000
[  208.524562] 12 3000 3000
[  208.524563] 13 3000 3000
[  208.524564] 14 3000 3000
[  208.524565] 15 3000 3000
[  208.524567] 16 3000 3000
[  208.524568] 17 3000 3000
[  208.524569] 18 3000 3000
[  208.524571] 19 3000 3000
[  208.524572] 20 3000 3000
[  208.524573] 21 3000 3000
[  208.524574] 22 3000 3000
[  208.524576] 23 3000 3000
[  208.524577] 24 3000 3000
[  208.524578] 25 3000 3000
[  208.524580] 26 3000 3000
[  208.524581] 27 3000 3000
[  208.524582] 28 3000 3000
[  208.524583] 29 3000 3000
[  208.524585] 30 3000 3000
[  208.524586] 31 3000 3000
[  208.524587] 32 3000 3000
[  208.524588] 33 3000 3000
[  208.524590] 34 3000 3000
[  208.524591] 35 3000 3000
[  208.524592] 36 3000 3000
[  208.524593] 37 3000 3000
[  208.524595] 38 3000 3000
[  208.524596] 39 3000 3000
[  208.524597] 40 3000 3000
[  208.524599] 41 3000 3000
[  208.524600] 42 3000 3000
[  208.524601] 43 3000 3000
[  208.524602] 44 3000 3000
[  208.524604] 45 3000 3000
[  208.524605] 46 3000 3000
[  208.524606] 47 3000 3000
[  208.524607] 48 3000 3000
[  208.524609] 49 3000 3000
[  208.524610] 50 3000 3000
[  208.524611] 51 3000 3000
[  208.524613] 52 3000 3000
[  208.524614] 53 3000 3000
[  208.524615] 54 3000 3000
[  208.524616] 55 3000 3000
[  208.524621] 56 3000 3000
[  208.524622] 57 3000 3000
[  208.524624] 58 3000 3000
[  208.524625] 59 3000 3000
[  208.524626] 60 3000 3000
[  208.524627] 61 3000 3000
[  208.524629] 62 3000 3000
[  208.524630] 63 3000 3000
[  208.524631] 64 3000 3000
[  208.524633] 65 3000 3000
[  208.524634] 66 3000 3000
[  208.524635] 67 3000 3000
[  208.524636] 68 3000 3000
[  208.524638] 69 3000 3000
[  208.524639] 70 3000 3000
[  208.524640] 71 3000 3000
[  208.524641] 72 3000 3000
[  208.524643] 73 3000 3000
[  208.524644] 74 3000 3000
[  208.524645] 75 3000 3000
[  208.524646] 76 3000 3000
[  208.524648] 77 3000 3000
[  208.524649] 78 3000 3000
[  208.524650] 79 3000 3000
[  208.524651] 80 3000 3000
[  208.524653] 81 3000 3000
[  208.524654] 82 3003 3000
[  208.524655] 83 3007 3000
[  208.524657] 84 3000 3000
[  208.524658] 85 3003 3000
[  208.524659] 86 3000 3000
[  208.524660] 87 3000 3000
[  208.524662] 88 3007 3000
[  208.524663] 89 3008 3000
[  208.524664] 90 3000 3000
[  208.524665] 91 3000 3000
[  208.524667] 92 3006 3000
[  208.524668] 93 3005 3000
[  208.524669] 94 3000 3000
[  208.524670] 95 3000 3000
[  208.524672] 96 3005 3000
[  208.524673] 97 3000 3000
[  208.524674] 98 3000 3000
[  208.524676] 99 3000 3000
[  208.524677] 100 3000 3000
[  208.524678] 101 3000 3000
[  208.524680] 102 3000 3000
[  208.524681] 103 3000 3000
[  208.524682] 104 3014 3000
[  208.524684] 105 3005 3000
[  208.524685] 106 3000 3000
[  208.524686] 107 3000 3000
[  208.524688] 108 3000 3000
[  208.524689] 109 3011 3000
[  208.524690] 110 3000 3000
[  208.524691] 111 3000 3000
[  208.524693] 112 3000 3000
[  208.524694] 113 3008 3000
[  208.524695] 114 3004 3000
[  208.524696] 115 3006 3000
[  208.524698] 116 3000 3000
[  208.524699] 117 3000 3000
[  208.524700] 118 3003 3000
[  208.524701] 119 3003 3000
[  208.524703] 120 3000 3000
[  208.524704] 121 3006 3000
[  208.524705] 122 3000 3000
[  208.524707] 123 3007 3000
[  208.524708] 124 3000 3000
[  208.524709] 125 3000 3000
[  208.524710] 126 3003 3000
[  208.524712] 127 3000 3000
[  208.524713] 128 3000 3000
[  208.524714] 129 3006 3000
[  208.524716] 130 3000 3000
[  208.524717] 131 3000 3000
[  208.524718] 132 3000 3000
[  208.524719] 133 3004 3000
[  208.524721] 134 3004 3000
[  208.524722] 135 3016 3000
[  208.524723] 136 3010 3000
[  208.524725] 137 3000 3000
[  208.524726] 138 3000 3000
[  208.524727] 139 3000 3000
[  208.524728] 140 3000 3000
[  208.524730] 141 3014 3000
[  208.524731] 142 3000 3000
[  208.524732] 143 3000 3000
[  208.524734] 144 3004 3000
[  208.524735] 145 3000 3000
[  208.524736] 146 3000 3000
[  208.524737] 147 3000 3000
[  208.524739] 148 3000 3000
[  208.524740] 149 3000 3000
[  208.524745] 150 3000 3000
[  208.524746] 151 3000 3000
[  208.524748] 152 3000 3000
[  208.524749] 153 3000 3000
[  208.524750] 154 3003 3000
[  208.524752] 155 3000 3000
[  208.524753] 156 3000 3000
[  208.524754] 157 3000 3000
[  208.524755] 158 3000 3000
[  208.524757] 159 3000 3000
[  208.524758] 160 3000 3000
[  208.524759] 161 3000 3000
[  208.524761] 162 3000 3000
[  208.524762] 163 3000 3000
[  208.524763] 164 3211 3000
[  208.524764] 165 3281 3000
[  208.524766] 166 3196 3000
[  208.524767] 167 3366 3000
[  208.524768] 168 3219 3000
[  208.524770] 169 3425 3000
[  208.524771] 170 3222 3000
[  208.524772] 171 3396 3000
[  208.524773] 172 3274 3000
[  208.524775] 173 3315 3000
[  208.524776] 174 3363 3000
[  208.524777] 175 3241 3000
[  208.524778] 176 3374 3000
[  208.524780] 177 3217 3000
[  208.524781] 178 3364 3000
[  208.524782] 179 3150 3000
[  208.524784] 180 3373 3000
[  208.524785] 181 3285 3003
[  208.524786] 182 3290 3000
[  208.524787] 183 3341 3005
[  208.524789] 184 3210 3000
[  208.524790] 185 3380 3000
[  208.524791] 186 3208 3000
[  208.524793] 187 3379 3000
[  208.524794] 188 3238 3000
[  208.524795] 189 3392 3000
[  208.524796] 190 3219 3000
[  208.524798] 191 3358 3000
[  208.524799] 192 3411 3000
[  208.524800] 193 3178 3000
[  208.524801] 194 3358 3000
[  208.524803] 195 3198 3000
[  208.524804] 196 3366 3000
[  208.524805] 197 3301 3000
[  208.524806] 198 3282 3000
[  208.524808] 199 3428 3000
[  208.524809] 200 3209 3000
[  208.524811] 201 3483 3005
[  208.524812] 202 3221 3000
[  208.524813] 203 3385 3010
[  208.524814] 204 3215 3000
[  208.524816] 205 3368 3000
[  208.524817] 206 3183 3000
[  208.524818] 207 3423 3000
[  208.524819] 208 3308 3000
[  208.524821] 209 3295 3000
[  208.524822] 210 3426 3000
[  208.524823] 211 3201 3000
[  208.524825] 212 3396 3000
[  208.524826] 213 3180 3000
[  208.524827] 214 3382 3000
[  208.524828] 215 3271 3000
[  208.524830] 216 3328 3000
[  208.524831] 217 3358 3000
[  208.524832] 218 3262 3000
[  208.524833] 219 3407 3005
[  208.524835] 220 3170 3000
[  208.524836] 221 3452 3004
[  208.524837] 222 3321 3000
[  208.524838] 223 3259 3000
[  208.524840] 224 3378 3000
[  208.524841] 225 3258 3000
[  208.524842] 226 3366 3000
[  208.524844] 227 3244 3000
[  208.524845] 228 3399 3000
[  208.524846] 229 3196 3000
[  208.524847] 230 3312 3000
[  208.524849] 231 3192 3000
[  208.524850] 232 3416 3000
[  208.524851] 233 3239 3000
[  208.524852] 234 3367 3000
[  208.524854] 235 3336 3000
[  208.524855] 236 3242 3000
[  208.524856] 237 3397 3000
[  208.524857] 238 3210 3000
[  208.524859] 239 3405 3011
[  208.524860] 240 3173 3000
[  208.524861] 241 3395 3004
[  208.524863] 242 3154 3000
[  208.524864] 243 3373 3000
[  208.524865] 244 3470 3000
[  208.524866] 245 3200 3000
[  208.524868] 246 3219 3000
[  208.524869] 247 3259 3000
[  208.524870] 248 3387 3012
[  208.524871] 249 3313 3004
[  208.524873] 250 3321 3000
[  208.524874] 251 3380 3000
[  208.524875] 252 3183 3000
[  208.524876] 253 3412 3000
[  208.524878] 254 3202 3000
[  208.524879] 255 3410 3000
[  208.524880] 256 3249 3000
[  208.524881] 257 3330 3000
[  208.524883] 258 3458 3000
[  208.524884] 259 3189 3000
[  208.524885] 260 3414 3000
[  208.524886] 261 3236 3000
[  208.524888] 262 3378 3000
[  208.524889] 263 3242 3000
[  208.524890] 264 3385 3000
[  208.524892] 265 3330 3000
[  208.524893] 266 3322 3000
[  208.524894] 267 3434 3006
[  208.524895] 268 3194 3000
[  208.524897] 269 3387 3003
[  208.524898] 270 3200 3000
[  208.524899] 271 3448 3000
[  208.524900] 272 3263 3000
[  208.524902] 273 3385 3000
[  208.524903] 274 3386 3000
[  208.524904] 275 3233 3000
[  208.524905] 276 3397 3000
[  208.524907] 277 3205 3000
[  208.524912] 278 3426 3000
[  208.524913] 279 3212 3000
[  208.524914] 280 3403 3000
[  208.524916] 281 3367 3000
[  208.524917] 282 3219 3000
[  208.524918] 283 3383 3000
[  208.524919] 284 3167 3000
[  208.524921] 285 3396 3000
[  208.524922] 286 3266 3000
[  208.524923] 287 3384 3004
[  208.524925] 288 3334 3000
[  208.524926] 289 3300 3004
[  208.524927] 290 3402 3000
[  208.524928] 291 3185 3000
[  208.524930] 292 3429 3000
[  208.524931] 293 3177 3000
[  208.524932] 294 3443 3000
[  208.524934] 295 3213 3000
[  208.524935] 296 3386 3000
[  208.524936] 297 3411 3000
[  208.524937] 298 3255 3000
[  208.524939] 299 3397 3000
[  208.524940] 300 3207 3000
[  208.524941] 301 3416 3000
[  208.524942] 302 3242 3000
[  208.524944] 303 3405 3000
[  208.524945] 304 3185 3000
[  208.524946] 305 3406 3000
[  208.524948] 306 3222 3000
[  208.524949] 307 3491 3004
[  208.524950] 308 3291 3000
[  208.524951] 309 3369 3003
[  208.524953] 310 3433 3000
[  208.524954] 311 3241 3000
[  208.524955] 312 3371 3000
[  208.524956] 313 3172 3000
[  208.524958] 314 3402 3000
[  208.524959] 315 3218 3000
[  208.524960] 316 3445 3000
[  208.524962] 317 3383 3000
[  208.524963] 318 3232 3000
[  208.524964] 319 3370 3000
[  208.524965] 320 3227 3000
[  208.524967] 321 3427 3000
[  208.524968] 322 3207 3000
[  208.524969] 323 3377 3000
[  208.524970] 324 3231 3000
[  208.524972] 325 3384 3008
[  208.524973] 326 3366 3000
[  208.524974] 327 3175 3004
[  208.524975] 328 3422 3000
[  208.524977] 329 3187 3000
[  208.524978] 330 3396 3000
[  208.524979] 331 3205 3000
[  208.524981] 332 3402 3000
[  208.524982] 333 3232 3000
[  208.524983] 334 3323 3000
[  208.524984] 335 3346 3000
[  208.524986] 336 3217 3000
[  208.524987] 337 3402 3000
[  208.524988] 338 3216 3000
[  208.524989] 339 3395 3004
[  208.524991] 340 3212 3000
[  208.524992] 341 3392 3000
[  208.524993] 342 3195 3000
[  208.524994] 343 3381 3000
[  208.524996] 344 3218 3000
[  208.524997] 345 3424 3000
[  208.524998] 346 3346 3000
[  208.525000] 347 3252 3000
[  208.525001] 348 3443 3000
[  208.525002] 349 3184 3000
[  208.525003] 350 3416 3000
[  208.525005] 351 3172 3000
[  208.525006] 352 3381 3000
[  208.525007] 353 3194 3000
[  208.525008] 354 3393 3000
[  208.525010] 355 3209 3000
[  208.525011] 356 3464 3000
[  208.525012] 357 3242 3003
[  208.525013] 358 3401 3000
[  208.525015] 359 3351 3000
[  208.525016] 360 3233 3000
[  208.525017] 361 3392 3000
[  208.525018] 362 3211 3000
[  208.525020] 363 3420 3000
[  208.525021] 364 3218 3000
[  208.525022] 365 3389 3000
[  208.525024] 366 3354 3000
[  208.525025] 367 3276 3000
[  208.525026] 368 3470 3000
[  208.525027] 369 3182 3000
[  208.525029] 370 3390 3000
[  208.525030] 371 3163 3000
[  208.525031] 372 3379 3000
[  208.525033] 373 3210 3000
[  208.525034] 374 3402 3000
[  208.525035] 375 3295 3007
[  208.525036] 376 3301 3000
[  208.525038] 377 3533 3003
[  208.525039] 378 3234 3000
[  208.525040] 379 3464 3000
[  208.525041] 380 3217 3000
[  208.525043] 381 3376 3000
[  208.525044] 382 3202 3000
[  208.525045] 383 3345 3000
[  208.525046] 384 3245 3000
[  208.525048] 385 3317 3000
[  208.525049] 386 3400 3000
[  208.525050] 387 3196 3000
[  208.525051] 388 3344 3000
[  208.525053] 389 3194 3000
[  208.525054] 390 3419 3000
[  208.525055] 391 3170 3000
[  208.525056] 392 3454 3000
[  208.525058] 393 3313 3000
[  208.525059] 394 3320 3000
[  208.525060] 395 3429 3000
[  208.525061] 396 3216 3000
[  208.525063] 397 3438 3000
[  208.525064] 398 3252 3000
[  208.525065] 399 3390 3000
[  208.525067] 400 3205 3000
[  208.525068] 401 3475 3000
[  208.525069] 402 3412 3000
[  208.525070] 403 3247 3000
[  208.525072] 404 3403 3000
[  208.525073] 405 3206 3000
[  208.525078] 406 3417 3000
[  208.525079] 407 3189 3000
[  208.525081] 408 3422 3000
[  208.525082] 409 3349 3000
[  208.525083] 410 3294 3000
[  208.525085] 411 3204 3000
[  208.525086] 412 3190 3000
[  208.525087] 413 3376 3000
[  208.525089] 414 3238 3000
[  208.525090] 415 3464 3000
[  208.525091] 416 3192 3000
[  208.525092] 417 3418 3000
[  208.525094] 418 3265 3000
[  208.525095] 419 3357 3000
[  208.525096] 420 3325 3000
[  208.525097] 421 3285 3000
[  208.525099] 422 3402 3000
[  208.525100] 423 3201 3000
[  208.525101] 424 3419 3004
[  208.525102] 425 3163 3000
[  208.525104] 426 3361 3003
[  208.525105] 427 3254 3000
[  208.525106] 428 3473 3000
[  208.525108] 429 3189 3000
[  208.525109] 430 3478 3000
[  208.525110] 431 3250 3000
[  208.525111] 432 3382 3000
[  208.525113] 433 3413 3000
[  208.525114] 434 3214 3000
[  208.525115] 435 3390 3000
[  208.525117] 436 3220 3000
[  208.525118] 437 3400 3000
[  208.525119] 438 3241 3000
[  208.525120] 439 3425 3000
[  208.525122] 440 3237 3000
[  208.525123] 441 3384 3000
[  208.525124] 442 3422 3005
[  208.525125] 443 3228 3000
[  208.525127] 444 3413 3003
[  208.525128] 445 3248 3000
[  208.525129] 446 3415 3008
[  208.525130] 447 3204 3000
[  208.525132] 448 3358 3000
[  208.525133] 449 3406 3000
[  208.525134] 450 3215 3000
[  208.525135] 451 3428 3000
[  208.525137] 452 3181 3000
[  208.525138] 453 3405 3000
[  208.525139] 454 3228 3000
[  208.525141] 455 3363 3000
[  208.525142] 456 3338 3000
[  208.525143] 457 3337 3000
[  208.525144] 458 3386 3000
[  208.525146] 459 3232 3000
[  208.525147] 460 3438 3000
[  208.525148] 461 3189 3000
[  208.525149] 462 3411 3005
[  208.525151] 463 3207 3000
[  208.525152] 464 3425 3000
[  208.525153] 465 3275 3000
[  208.525155] 466 3284 3000
[  208.525156] 467 3387 3000
[  208.525157] 468 3191 3000
[  208.525158] 469 3446 3000
[  208.525160] 470 3191 3000
[  208.525161] 471 3363 3000
[  208.525162] 472 3225 3000
[  208.525163] 473 3435 3000
[  208.525165] 474 3202 3000
[  208.525166] 475 3369 3000
[  208.525167] 476 3359 3000
[  208.525168] 477 3241 3000
[  208.525170] 478 3395 3000
[  208.525171] 479 3200 3000
[  208.525172] 480 3435 3000
[  208.525173] 481 3236 3000
[  208.525175] 482 3315 3007
[  208.525176] 483 3376 3007
[  208.525177] 484 3216 3000
[  208.525179] 485 3380 3000
[  208.525180] 486 3196 3000
[  208.525181] 487 3375 3000
[  208.525182] 488 3180 3000
[  208.525184] 489 3420 3000
[  208.525185] 490 3199 3000
[  208.525186] 491 3402 3000
[  208.525187] 492 3321 3000
[  208.525189] 493 3225 3006
[  208.525190] 494 3399 3000
[  208.525191] 495 3232 3000
[  208.525192] 496 3446 3000
[  208.525194] 497 3219 3000
[  208.525195] 498 3442 3000
[  208.525196] 499 3201 3000
[  208.525198] 500 3425 3000
[  208.525199] 501 3312 3000
[  208.525200] 502 3277 3000
[  208.525201] 503 3417 3000
[  208.525203] 504 3234 3000
[  208.525204] 505 3435 3000
[  208.525205] 506 3238 3000
[  208.525206] 507 3410 3000
[  208.525208] 508 3172 3000
[  208.525209] 509 3410 3000
[  208.525210] 510 3284 3000
[  208.525211] 511 3347 3004
[  208.525213] 512 3403 3000
[  208.525214] 513 3246 3007
[  208.525215] 514 3391 3000
[  208.525217] 515 3253 3000
[  208.525218] 516 3366 3000
[  208.525219] 517 3234 3000
[  208.525220] 518 3394 3000
[  208.525222] 519 3222 3000
[  208.525223] 520 3364 3000
[  208.525224] 521 3296 3000
[  208.525225] 522 3334 3000
[  208.525227] 523 3422 3000
[  208.525228] 524 3150 3000
[  208.525229] 525 3332 3000
[  208.525230] 526 3222 3000
[  208.525232] 527 3386 3000
[  208.525233] 528 3225 3000
[  208.525234] 529 3417 3023
[  208.525235] 530 3277 3000
[  208.525237] 531 3274 3006
[  208.525238] 532 3453 3000
[  208.525239] 533 3163 3006
[  208.525244] 534 3408 3000
[  208.525246] 535 3194 3000
[  208.525247] 536 3393 3000
[  208.525248] 537 3361 3000
[  208.525250] 538 3284 3000
[  208.525251] 539 3399 3000
[  208.525252] 540 3221 3000
[  208.525253] 541 3460 3000
[  208.525255] 542 3163 3000
[  208.525256] 543 3384 3000
[  208.525257] 544 3252 3000
[  208.525258] 545 3369 3000
[  208.525260] 546 3414 3000
[  208.525261] 547 3182 3000
[  208.525262] 548 3429 3000
[  208.525263] 549 3210 3007
[  208.525265] 550 3391 3000
[  208.525266] 551 3195 3000
[  208.525267] 552 3460 3000
[  208.525269] 553 3172 3000
[  208.525270] 554 3406 3000
[  208.525271] 555 3237 3000
[  208.525272] 556 3394 3000
[  208.525274] 557 3353 3000
[  208.525275] 558 3272 3000
[  208.525276] 559 3368 3000
[  208.525277] 560 3213 3000
[  208.525279] 561 3416 3000
[  208.525280] 562 3193 3000
[  208.525281] 563 3465 3000
[  208.525282] 564 3285 3000
[  208.525284] 565 3306 3000
[  208.525285] 566 3324 3000
[  208.525286] 567 3297 3000
[  208.525287] 568 3428 3000
[  208.525289] 569 3183 3008
[  208.525290] 570 3463 3000
[  208.525291] 571 3236 3004
[  208.525293] 572 3376 3000
[  208.525294] 573 3258 3000
[  208.525295] 574 3432 3000
[  208.525296] 575 3195 3000
[  208.525298] 576 3240 3000
[  208.525299] 577 3376 3000
[  208.525300] 578 3179 3011
[  208.525301] 579 3437 3000
[  208.525303] 580 3204 3003
[  208.525304] 581 3433 3000
[  208.525305] 582 3270 3000
[  208.525306] 583 3416 3000
[  208.525308] 584 3199 3000
[  208.525309] 585 3317 3000
[  208.525310] 586 3409 3000
[  208.525311] 587 3222 3000
[  208.525313] 588 3391 3000
[  208.525314] 589 3180 3000
[  208.525315] 590 3418 3000
[  208.525317] 591 3178 3000
[  208.525318] 592 3414 3000
[  208.525319] 593 3231 3000
[  208.525320] 594 3356 3000
[  208.525322] 595 3267 3000
[  208.525323] 596 3292 3000
[  208.525324] 597 3402 3000
[  208.525325] 598 3212 3003
[  208.525327] 599 3464 3000
[  208.525328] 600 3185 3004
[  208.525329] 601 3447 3000
[  208.525330] 602 3220 3000
[  208.525332] 603 3375 3001
[  208.525333] 604 3264 2997
[  208.525334] 605 3112 2990
[  208.525335] 606 3330 2997
[  208.525337] 607 3285 2999
[  208.525338] 608 3301 2998
[  208.525339] 609 3287 2997
[  208.525341] 610 3270 2998
[  208.525342] 611 3354 2999
[  208.525343] 612 3176 2995
[  208.525344] 613 3167 2996
[  208.525346] 614 3271 2995
[  208.525347] 615 3271 2997
[  208.525348] 616 3268 2993
[  208.525349] 617 3249 2994
[  208.525351] 618 3314 2994
[  208.525352] 619 3224 2997
[  208.525353] 620 3157 2991
[  208.525354] 621 3240 3003
[  208.525356] 622 3231 2989
[  208.525357] 623 3269 2993
[  208.525358] 624 3290 2994
[  208.525360] 625 3317 2997
[  208.525361] 626 3332 2993
[  208.525362] 627 3288 2993
[  208.525363] 628 3209 3001
[  208.525365] 629 3277 2994
[  208.525366] 630 3263 2995
[  208.525367] 631 3287 2994
[  208.525368] 632 3274 3000
[  208.525370] 633 3306 3005
[  208.525371] 634 3254 2997
[  208.525372] 635 3145 3000
[  208.525373] 636 3225 2998
[  208.525375] 637 3243 2997
[  208.525376] 638 3295 2998
[  208.525377] 639 3283 3000
[  208.525379] 640 3282 2999
[  208.525380] 641 3288 2998
[  208.525381] 642 3226 3008
[  208.525382] 643 3162 2998
[  208.525384] 644 3276 3000
[  208.525385] 645 3283 2994
[  208.525386] 646 3296 2996
[  208.525387] 647 3266 3000
[  208.525389] 648 3241 2994
[  208.525390] 649 3279 2997
[  208.525391] 650 3207 3000
[  208.525392] 651 3235 2993
[  208.525394] 652 3276 2997
[  208.525395] 653 3285 2998
[  208.525396] 654 3277 3001
[  208.525398] 655 3284 3000
[  208.525399] 656 3333 3000
[  208.525400] 657 3186 2995
[  208.525401] 658 3209 3000
[  208.525403] 659 3261 2996
[  208.525404] 660 3288 2995
[  208.525405] 661 3259 3000
[  208.525410] 662 3275 2999
[  208.525412] 663 3251 2997
[  208.525413] 664 3273 3000
[  208.525414] 665 3133 2993
[  208.525416] 666 3256 3000
[  208.525417] 667 3286 2997
[  208.525418] 668 3247 2999
[  208.525419] 669 3298 2994
[  208.525421] 670 3281 2995
[  208.525422] 671 3298 2997
[  208.525423] 672 3169 2998
[  208.525424] 673 3208 3000
[  208.525426] 674 3250 2995
[  208.525427] 675 3274 3001
[  208.525428] 676 3245 3000
[  208.525430] 677 3289 2998
[  208.525431] 678 3292 2997
[  208.525432] 679 3263 2998
[  208.525433] 680 3166 2998
[  208.525435] 681 3262 2999
[  208.525436] 682 3266 2995
[  208.525437] 683 3274 2997
[  208.525438] 684 3238 2999
[  208.525440] 685 3264 2995
[  208.525441] 686 3253 2996
[  208.525442] 687 3213 2999
[  208.525443] 688 3249 3001
[  208.525445] 689 3223 3000
[  208.525446] 690 3289 2994
[  208.525447] 691 3241 2994
[  208.525448] 692 3294 2997
[  208.525450] 693 3291 2994
[  208.525451] 694 3251 2997
[  208.525452] 695 3147 3003
[  208.525454] 696 3272 2992
[  208.525455] 697 3257 3000
[  208.525456] 698 3269 3000
[  208.525457] 699 3311 2992
[  208.525459] 700 3236 2997
[  208.525460] 701 3211 3000
[  208.525461] 702 3211 3000
[  208.525462] 703 3251 2997
[  208.525464] 704 3241 2996
[  208.525465] 705 3294 2994
[  208.525466] 706 3287 2996
[  208.525467] 707 3274 3000
[  208.525469] 708 3273 2993
[  208.525470] 709 3281 2994
[  208.525471] 710 3165 3001
[  208.525473] 711 3267 2997
[  208.525474] 712 3253 2996
[  208.525475] 713 3296 2996
[  208.525476] 714 3260 2998
[  208.525478] 715 3278 2997
[  208.525479] 716 3298 2998
[  208.525480] 717 3210 2996
[  208.525481] 718 3217 2998
[  208.525483] 719 3252 2992
[  208.525484] 720 3298 2993
[  208.525485] 721 3282 2994
[  208.525486] 722 3278 2996
[  208.525488] 723 3236 2997
[  208.525489] 724 3253 2995
[  208.525490] 725 3191 2995
[  208.525491] 726 3289 2998
[  208.525493] 727 3298 2989
[  208.525494] 728 3274 2995
[  208.525495] 729 3233 2999
[  208.525497] 730 3259 2998
[  208.525498] 731 3311 2994
[  208.525499] 732 3165 2997
[  208.525500] 733 3203 2996
[  208.525502] 734 3264 2995
[  208.525503] 735 3281 3000
[  208.525504] 736 3280 2996
[  208.525505] 737 3279 2994
[  208.525507] 738 3279 2995
[  208.525508] 739 3293 2995
[  208.525509] 740 3145 2995
[  208.525511] 741 3217 2995
[  208.525512] 742 3258 2993
[  208.525513] 743 3252 2995
[  208.525514] 744 3282 2995
[  208.525516] 745 3272 2995
[  208.525517] 746 3252 2992
[  208.525518] 747 3264 2997
[  208.525519] 748 3212 2996
[  208.525521] 749 3315 2999
[  208.525522] 750 3322 2993
[  208.525523] 751 3255 2997
[  208.525524] 752 3289 2992
[  208.525526] 753 3254 2994
[  208.525527] 754 3267 2999
[  208.525528] 755 3143 2993
[  208.525530] 756 3275 2999
[  208.525531] 757 3293 3001
[  208.525532] 758 3273 2999
[  208.525533] 759 3310 2998
[  208.525535] 760 3304 3000
[  208.525536] 761 3275 2995
[  208.525537] 762 3250 3000
[  208.525538] 763 3129 2996
[  208.525540] 764 3273 2994
[  208.525541] 765 3323 2993
[  208.525542] 766 3297 2995
[  208.525544] 767 3230 2996
[  208.525545] 768 3293 3000
[  208.525546] 769 3290 2995
[  208.525547] 770 3206 2998
[  208.525549] 771 3239 2996
[  208.525550] 772 3282 3000
[  208.525551] 773 3313 2998
[  208.525552] 774 3281 3000
[  208.525554] 775 3276 2993
[  208.525555] 776 3282 2997
[  208.525556] 777 3217 3000
[  208.525557] 778 3210 2998
[  208.525559] 779 3309 3000
[  208.525560] 780 3331 2999
[  208.525561] 781 3281 3000
[  208.525562] 782 3266 3001
[  208.525564] 783 3281 2998
[  208.525565] 784 3249 2998
[  208.525566] 785 3174 2995
[  208.525568] 786 3241 2994
[  208.525569] 787 3296 3006
[  208.525570] 788 3271 2997
[  208.525572] 789 3312 2998
[  208.525576] 790 3269 3003
[  208.525578] 791 3291 2995
[  208.525579] 792 3247 2999
[  208.525580] 793 3204 2997
[  208.525582] 794 3225 2995
[  208.525583] 795 3338 3000
[  208.525584] 796 3233 2998
[  208.525585] 797 3272 2998
[  208.525587] 798 3261 3000
[  208.525588] 799 3300 2997
[  208.525589] 800 3146 2994
[  208.525591] 801 3237 2997
[  208.525592] 802 3292 2998
[  208.525593] 803 3260 2996
[  208.525594] 804 3251 2989
[  208.525596] 805 3294 2994
[  208.525597] 806 3248 2996
[  208.525598] 807 3262 3001
[  208.525599] 808 3165 2994
[  208.525601] 809 3229 2996
[  208.525602] 810 3264 2996
[  208.525603] 811 3280 2994
[  208.525605] 812 3333 2996
[  208.525606] 813 3274 2997
[  208.525607] 814 3255 2997
[  208.525608] 815 3201 2998
[  208.525610] 816 3235 2991
[  208.525611] 817 3300 2994
[  208.525612] 818 3296 2998
[  208.525613] 819 3272 2999
[  208.525615] 820 3291 2991
[  208.525616] 821 3228 3004
[  208.525617] 822 3236 2994
[  208.525619] 823 3232 3001
[  208.525620] 824 3290 2992
[  208.525621] 825 3302 2993
[  208.525622] 826 3319 3001
[  208.525624] 827 3233 2995
[  208.525625] 828 3271 2997
[  208.525626] 829 3276 2999
[  208.525627] 830 3140 2997
[  208.525629] 831 3285 3002
[  208.525630] 832 3253 2992
[  208.525631] 833 3307 2997
[  208.525632] 834 3240 3001
[  208.525634] 835 3281 2995
[  208.525635] 836 3306 2994
[  208.525636] 837 3218 2995
[  208.525637] 838 3149 2997
[  208.525639] 839 3256 2998
[  208.525640] 840 3244 2996
[  208.525641] 841 3283 2994
[  208.525643] 842 3235 2996
[  208.525644] 843 3213 3000
[  208.525645] 844 3271 2996
[  208.525646] 845 3146 2995
[  208.525648] 846 3229 2990
[  208.525649] 847 3317 2998
[  208.525650] 848 3316 2996
[  208.525651] 849 3138 3000
[  208.525653] 850 3269 2996
[  208.525654] 851 3254 2993
[  208.525655] 852 3271 2999
[  208.525656] 853 3167 2990
[  208.525658] 854 3280 2995
[  208.525659] 855 3316 2993
[  208.525661] 856 3292 2994
[  208.525662] 857 3252 2996
[  208.525664] 858 3253 2994
[  208.525665] 859 3323 2995
[  208.525666] 860 3149 2997
[  208.525667] 861 3313 2992
[  208.525669] 862 3295 2995
[  208.525670] 863 3310 2995
[  208.525671] 864 3304 2992
[  208.525672] 865 3293 2997
[  208.525674] 866 3307 2997
[  208.525675] 867 3244 2987
[  208.525676] 868 3194 2990
[  208.525677] 869 3308 2994
[  208.525679] 870 3260 2994
[  208.525680] 871 3258 3002
[  208.525681] 872 3278 2993
[  208.525683] 873 3307 2993
[  208.525684] 874 3289 3000
[  208.525685] 875 3156 2993
[  208.525686] 876 3293 2996
[  208.525688] 877 3281 2993
[  208.525689] 878 3294 3000
[  208.525690] 879 3300 2997
[  208.525692] 880 3256 2993
[  208.525693] 881 3282 2995
[  208.525694] 882 3246 2999
[  208.525695] 883 3159 2989
[  208.525697] 884 3306 2999
[  208.525698] 885 3301 2997
[  208.525699] 886 3304 2992
[  208.525700] 887 3268 2996
[  208.525702] 888 3259 2992
[  208.525703] 889 3268 2998
[  208.525704] 890 3159 2997
[  208.525706] 891 3227 2999
[  208.525707] 892 3287 3000
[  208.525708] 893 3357 2991
[  208.525709] 894 3285 2996
[  208.525711] 895 3286 2997
[  208.525712] 896 3267 2996
[  208.525713] 897 3176 2995
[  208.525714] 898 3243 2994
[  208.525716] 899 3278 3000
[  208.525717] 900 3267 2996
[  208.525718] 901 3292 2996
[  208.525720] 902 3299 2994
[  208.525721] 903 3254 2992
[  208.525722] 904 3195 3000
[  208.525723] 905 3181 3000
[  208.525725] 906 3275 2992
[  208.525726] 907 3203 2998
[  208.525727] 908 3295 3004
[  208.525729] 909 3218 2998
[  208.525730] 910 3235 3004
[  208.525731] 911 3253 3000
[  208.525732] 912 3171 2994
[  208.525734] 913 3219 2996
[  208.525735] 914 3229 3001
[  208.525736] 915 3269 2995
[  208.525737] 916 3272 2998
[  208.525739] 917 3235 2997
[  208.525744] 918 3311 2998
[  208.525745] 919 3246 3001
[  208.525747] 920 3161 2997
[  208.525748] 921 3244 2997
[  208.525749] 922 3240 2993
[  208.525750] 923 3263 3001
[  208.525752] 924 3245 2995
[  208.525753] 925 3240 2995
[  208.525754] 926 3266 2996
[  208.525756] 927 3171 2997
[  208.525757] 928 3175 3001
[  208.525758] 929 3253 3001
[  208.525759] 930 3285 2996
[  208.525761] 931 3254 2999
[  208.525762] 932 3267 2999
[  208.525763] 933 3264 3000
[  208.525764] 934 3258 2999
[  208.525766] 935 3094 3000
[  208.525767] 936 3235 3000
[  208.525768] 937 3279 2997
[  208.525770] 938 3197 3000
[  208.525771] 939 3240 2997
[  208.525772] 940 3247 2997
[  208.525773] 941 3237 2999
[  208.525775] 942 3223 3001
[  208.525776] 943 3135 2997
[  208.525777] 944 3288 2995
[  208.525779] 945 3253 2996
[  208.525780] 946 3229 3001
[  208.525785] 947 3290 3002
[  208.525873] 948 3273 2998
[  208.525875] 949 3226 2995
[  208.525877] 950 3197 2997
[  208.525878] 951 3251 2998
[  208.525879] 952 3240 2999
[  208.525881] 953 3241 2996
[  208.525887] 954 3245 2995
[  208.525892] 955 3290 3000
[  208.525894] 956 3267 2993
[  208.525895] 957 3135 3000
[  208.525896] 958 3177 2998
[  208.525897] 959 3233 3000
[  208.525899] 960 3268 2996
[  208.525900] 961 3278 2999
[  208.525901] 962 3232 3001
[  208.525903] 963 3263 2997
[  208.525911] 964 3237 3000
[  208.525918] 965 3201 2998
[  208.525926] 966 3227 3000
[  208.525932] 967 3322 2999
[  208.525940] 968 3255 3000
[  208.525948] 969 3252 2998
[  208.525955] 970 3346 3001
[  208.525962] 971 3264 2996
[  208.525964] 972 3306 2996
[  208.525965] 973 3293 2998
[  208.525966] 974 3345 2999
[  208.525968] 975 3232 2996
[  208.525973] 976 3125 2997
[  208.525981] 977 3221 2997
[  208.525988] 978 3318 2995
[  208.525996] 979 3250 2999
[  208.526003] 980 3234 2996
[  208.526015] 981 3269 3002
[  208.526023] 982 3387 2999
[  208.526031] 983 3244 2992
[  208.526039] 984 3297 2992
[  208.526046] 985 3264 2995
[  208.526054] 986 3188 2994
[  208.526062] 987 3225 2994
[  208.526073] 988 3271 2996
[  208.526081] 989 3270 2993
[  208.526089] 990 3353 2995
[  208.526096] 991 3289 2997
[  208.526104] 992 3275 2997
[  208.526112] 993 3316 2996
[  208.526118] 994 3294 2999
[  208.526127] 995 3275 2995
[  208.526135] 996 3167 2994
[  208.526143] 997 3305 2997
[  208.526151] 998 3316 2995
[  208.526158] 999 3247 2996
[  208.526166] 1000 3303 2993
[  208.526174] 1001 3365 2997
[  208.526185] 1002 3206 2995
[  208.526193] 1003 3281 2995
[  208.526201] 1004 3264 2994
[  208.526209] 1005 3353 2999
[  208.526217] 1006 3190 2995
[  208.526225] 1007 3248 2995
[  208.526238] 1008 3263 2995
[  208.526245] 1009 3345 2999
[  208.526253] 1010 3266 3000
[  208.526261] 1011 3289 3002
[  208.526268] 1012 3231 2988
[  208.526277] 1013 3335 2994
[  208.526284] 1014 3252 2997
[  208.526292] 1015 3274 2994
[  208.526299] 1016 3180 3001
[  208.526306] 1017 3254 2998
[  208.526316] 1018 3236 2997
[  208.526325] 1019 3245 2997
[  208.526333] 1020 3332 2995
[  208.526338] 1021 3293 2997
[  208.526340] 1022 3259 2999
[  208.526341] 1023 3246 2997
[  208.526342] 1024 3333 2999
[  208.526344] 1025 3293 2992
[  208.526345] 1026 3291 2999
[  208.526353] 1027 3214 2996
[  208.526360] 1028 3294 2998
[  208.526369] 1029 3277 3002
[  208.526377] 1030 3255 3000
[  208.526385] 1031 3203 2994
[  208.526393] 1032 3320 2999
[  208.526402] 1033 3216 2997
[  208.526413] 1034 3242 2998
[  208.526421] 1035 3240 2998
[  208.526430] 1036 3295 2998
[  208.526438] 1037 3175 2998
[  208.526449] 1038 3243 3002
[  208.526456] 1039 3256 2998
[  208.526464] 1040 3302 2995
[  208.526472] 1041 3238 2997
[  208.526480] 1042 3228 2998
[  208.526491] 1043 3345 2995
[  208.526499] 1044 3310 3000
[  208.526507] 1045 3240 2995
[  208.526518] 1046 3260 2997
[  208.526526] 1047 3283 2997
[  208.526534] 1048 3165 3000
[  208.526545] 1049 3283 2998
[  208.526553] 1050 3266 2999
[  208.526561] 1051 3313 2995
[  208.526569] 1052 3284 2998
[  208.526579] 1053 3286 2997
[  208.526589] 1054 3262 2997
[  208.526597] 1055 3351 3001
[  208.526605] 1056 3238 2998
[  208.526613] 1057 3221 3000
[  208.526620] 1058 3197 3000
[  208.526628] 1059 3327 3001
[  208.526637] 1060 3234 2998
[  208.526641] 1061 3246 2998
[  208.526643] 1062 3267 2997
[  208.526644] 1063 3277 3002
[  208.526645] 1064 3270 3000
[  208.526647] 1065 3293 2997
[  208.526648] 1066 3245 2999
[  208.526649] 1067 3317 2999
[  208.526651] 1068 3152 3003
[  208.526652] 1069 3231 2996
[  208.526653] 1070 3273 2994
[  208.526655] 1071 3312 2996
[  208.526656] 1072 3264 3001
[  208.526657] 1073 3217 2999
[  208.526658] 1074 3282 3000
[  208.526660] 1075 3281 3000
[  208.526661] 1076 3287 3001
[  208.526662] 1077 3269 2998
[  208.526664] 1078 3241 2997
[  208.526665] 1079 3211 2995
[  208.526667] 1080 3234 2991
[  208.526668] 1081 3223 2997
[  208.526669] 1082 3328 3004
[  208.526671] 1083 3269 2999
[  208.526672] 1084 3263 2997
[  208.526673] 1085 3269 3000
[  208.526675] 1086 3389 2999
[  208.526676] 1087 3295 2999
[  208.526679] 1088 3192 2998
[  208.526680] 1089 3200 2996
[  208.526682] 1090 3318 3003
[  208.526683] 1091 3269 2998
[  208.526684] 1092 3273 3004
[  208.526686] 1093 3235 3002
[  208.526687] 1094 3307 2997
[  208.526688] 1095 3228 3000
[  208.526690] 1096 3273 2995
[  208.526691] 1097 3331 3001
[  208.526692] 1098 3232 2996
[  208.526694] 1099 3236 3000
[  208.526695] 1100 3279 2996
[  208.526696] 1101 3365 2998
[  208.526698] 1102 3257 3000
[  208.526699] 1103 3245 2997
[  208.526700] 1104 3258 3000
[  208.526702] 1105 3350 2998
[  208.526703] 1106 3243 3000
[  208.526704] 1107 3263 2998
[  208.526705] 1108 3178 2996
[  208.526707] 1109 3258 2989
[  208.526708] 1110 3273 3002
[  208.526709] 1111 3285 2998
[  208.526711] 1112 3298 2991
[  208.526712] 1113 3296 2994
[  208.526713] 1114 3242 2991
[  208.526715] 1115 3232 2999
[  208.526716] 1116 3275 2992
[  208.526718] 1117 3373 2992
[  208.526720] 1118 3204 2997
[  208.526722] 1119 3176 2989
[  208.526723] 1120 3258 2996
[  208.526724] 1121 3329 2995
[  208.526726] 1122 3252 2997
[  208.526727] 1123 3253 2998
[  208.526728] 1124 3306 2992
[  208.526730] 1125 3250 2993
[  208.526731] 1126 3323 2994
[  208.526732] 1127 3337 2990
[  208.526734] 1128 3353 2997
[  208.526735] 1129 3230 2994
[  208.526737] 1130 3330 2994
[  208.526738] 1131 3323 2996
[  208.526739] 1132 3398 3007
[  208.526740] 1133 3237 2997
[  208.526742] 1134 3322 2997
[  208.526743] 1135 3313 2994
[  208.526744] 1136 3353 2999
[  208.526746] 1137 3160 2999
[  208.526747] 1138 3350 3000
[  208.526748] 1139 3246 2994
[  208.526750] 1140 3232 3000
[  208.526751] 1141 3290 2995
[  208.526752] 1142 3275 2995
[  208.526754] 1143 3379 2990
[  208.526755] 1144 3278 2999
[  208.526756] 1145 3278 2993
[  208.526758] 1146 3268 2994
[  208.526760] 1147 3335 2998
[  208.526763] 1148 3250 2994
[  208.526764] 1149 3202 2991
[  208.526765] 1150 3235 2996
[  208.526766] 1151 3358 2992
[  208.526768] 1152 3314 2993
[  208.526769] 1153 3269 2998
[  208.526770] 1154 3325 2995
[  208.526772] 1155 3289 2995
[  208.526773] 1156 3311 2997
[  208.526774] 1157 3274 2994
[  208.526776] 1158 3373 2994
[  208.526777] 1159 3264 2992
[  208.526778] 1160 3170 2996
[  208.526780] 1161 3225 2997
[  208.526781] 1162 3321 2997
[  208.526782] 1163 3285 2995
[  208.526784] 1164 3281 2997
[  208.526785] 1165 3269 2999
[  208.526786] 1166 3353 2997
[  208.526787] 1167 3287 2997
[  208.526789] 1168 3308 3000
[  208.526790] 1169 3243 2997
[  208.526791] 1170 3282 2996
[  208.526793] 1171 3170 2998
[  208.526794] 1172 3235 2998
[  208.526796] 1173 3287 3000
[  208.526801] 1174 3311 2999
[  208.526804] 1175 3260 3002
[  208.526806] 1176 3314 2995
[  208.526807] 1177 3311 2986
[  208.526809] 1178 3274 3003
[  208.526810] 1179 3253 2997
[  208.526811] 1180 3186 2993
[  208.526813] 1181 3226 2993
[  208.526814] 1182 3322 2999
[  208.526815] 1183 3258 2995
[  208.526816] 1184 3307 2997
[  208.526818] 1185 3298 2991
[  208.526819] 1186 3298 2999
[  208.526820] 1187 3269 2999
[  208.526822] 1188 3275 2995
[  208.526823] 1189 3309 2994
[  208.526824] 1190 3267 2996
[  208.526826] 1191 3176 2993
[  208.526827] 1192 3243 2995
[  208.526828] 1193 3282 3001
[  208.526830] 1194 3266 2998
[  208.526831] 1195 3225 2999
[  208.526832] 1196 3243 3001
[  208.526834] 1197 3330 3002
[  208.526835] 1198 3237 3001
[  208.526836] 1199 3262 3000
[  208.526837] 1200 3261 2996
[  208.526839] 1201 3221 3001
[  208.526840] 1202 3189 3000
[  208.526841] 1203 3236 3001
[  208.526843] 1204 3274 2998
[  208.526844] 1205 3244 2998
[  208.526845] 1206 3258 2995
[  208.526847] 1207 3242 3000
[  208.526848] 1208 3349 2998
[  208.526850] 1209 3304 3003
[  208.526851] 1210 3247 3001
[  208.526855] 1211 3182 2996
[  208.526856] 1212 3254 3001
[  208.526857] 1213 3224 2999
[  208.526858] 1214 3260 2993
[  208.526860] 1215 3243 2999
[  208.526861] 1216 3315 3001
[  208.526862] 1217 3267 2997
[  208.526864] 1218 3286 2999
[  208.526865] 1219 3242 2997
[  208.526866] 1220 3301 2996
[  208.526868] 1221 3205 3001
[  208.526869] 1222 3195 2998
[  208.526870] 1223 3354 2994
[  208.526872] 1224 3240 2997
[  208.526873] 1225 3275 2999
[  208.526874] 1226 3269 2998
[  208.526876] 1227 3315 2997
[  208.526877] 1228 3325 2995
[  208.526878] 1229 3260 3000
[  208.526880] 1230 3285 2995
[  208.526881] 1231 3342 2999
[  208.526882] 1232 3165 2995
[  208.526884] 1233 3180 2995
[  208.526885] 1234 3280 2998
[  208.526887] 1235 3371 2994
[  208.526888] 1236 3237 2999
[  208.526889] 1237 3257 3001
[  208.526892] 1238 3266 2995
[  208.526894] 1239 3334 2999
[  208.526895] 1240 3279 2991
[  208.526896] 1241 3290 2992
[  208.526898] 1242 3204 2993
[  208.526899] 1243 3224 3004
[  208.526900] 1244 3299 2995
[  208.526902] 1245 3243 2991
[  208.526903] 1246 3296 2993
[  208.526904] 1247 3315 2992
[  208.526905] 1248 3243 2988
[  208.526907] 1249 3284 2995
[  208.526908] 1250 3306 2993
[  208.526909] 1251 3218 2992
[  208.526911] 1252 3206 2993
[  208.526912] 1253 3151 2994
[  208.526913] 1254 3302 2996
[  208.526915] 1255 3227 2988
[  208.526916] 1256 3292 2991
[  208.526917] 1257 3350 2995
[  208.526919] 1258 3334 2998
[  208.526920] 1259 3271 2999
[  208.526923] 1260 3227 2995
[  208.526924] 1261 3294 2998
[  208.526925] 1262 3300 2994
[  208.526926] 1263 3194 2995
[  208.526928] 1264 3208 2992
[  208.526929] 1265 3300 2995
[  208.526930] 1266 3247 2994
[  208.526932] 1267 3309 2994
[  208.526933] 1268 3262 2992
[  208.526934] 1269 3309 2994
[  208.526935] 1270 3248 2992
[  208.526937] 1271 3280 2995
[  208.526938] 1272 3368 2993
[  208.526939] 1273 3289 2992
[  208.526941] 1274 3186 2998
[  208.526942] 1275 3259 2994
[  208.526943] 1276 3344 2995
[  208.526945] 1277 3277 2995
[  208.526946] 1278 3247 2998
[  208.526947] 1279 3261 2993
[  208.526948] 1280 3318 2992
[  208.526950] 1281 3277 2986
[  208.526951] 1282 3237 2992
[  208.526952] 1283 3304 2997
[  208.526954] 1284 3206 2989
[  208.526955] 1285 3180 2992
[  208.526956] 1286 3231 2991
[  208.526958] 1287 3309 2992
[  208.526959] 1288 3239 2996
[  208.526962] 1289 3259 2996
[  208.526963] 1290 3240 2998
[  208.526965] 1291 3309 3000
[  208.526966] 1292 3235 2998
[  208.526967] 1293 3264 2999
[  208.526968] 1294 3238 2999
[  208.526970] 1295 3227 2998
[  208.526971] 1296 3188 2998
[  208.526972] 1297 3267 2996
[  208.526974] 1298 3325 3002
[  208.526975] 1299 3256 2994
[  208.526976] 1300 3278 3000
[  208.526978] 1301 3269 2995
[  208.526983] 1302 3320 2989
[  208.526985] 1303 3238 2991
[  208.526986] 1304 3211 2993
[  208.526988] 1305 3230 2992
[  208.526989] 1306 3260 2992
[  208.526990] 1307 3238 3000
[  208.526992] 1308 3275 2989
[  208.526993] 1309 3252 2990
[  208.526995] 1310 3325 2993
[  208.526996] 1311 3255 2996
[  208.526998] 1312 3271 2988
[  208.527000] 1313 3351 2990
[  208.527001] 1314 3309 2994
[  208.527002] 1315 3206 2993
[  208.527004] 1316 3226 2996
[  208.527005] 1317 3255 2992
[  208.527006] 1318 3281 2994
[  208.527008] 1319 3260 2986
[  208.527009] 1320 3264 2999
[  208.527010] 1321 3373 2994
[  208.527011] 1322 3252 3000
[  208.527013] 1323 3259 2997
[  208.527014] 1324 3269 2998
[  208.527015] 1325 3266 3002
[  208.527017] 1326 3194 2996
[  208.527018] 1327 3264 2995
[  208.527019] 1328 3297 3002
[  208.527020] 1329 3366 3005
[  208.527022] 1330 3332 2999
[  208.527023] 1331 3261 2993
[  208.527024] 1332 3331 3011
[  208.527026] 1333 3318 2998
[  208.527027] 1334 3329 2996
[  208.527028] 1335 3293 2993
[  208.527030] 1336 3178 2996
[  208.527031] 1337 3229 2998
[  208.527032] 1338 3246 2996
[  208.527033] 1339 3236 2993
[  208.527035] 1340 3335 2999
[  208.527036] 1341 3290 2993
[  208.527037] 1342 3267 2998
[  208.527039] 1343 3273 3004
[  208.527040] 1344 3313 2995
[  208.527041] 1345 3295 2998
[  208.527043] 1346 3206 2997
[  208.527044] 1347 3226 3001
[  208.527046] 1348 3336 2995
[  208.527047] 1349 3267 3000
[  208.527050] 1350 3237 2997
[  208.527051] 1351 3289 2999
[  208.527052] 1352 3294 2996
[  208.527053] 1353 3250 2999
[  208.527055] 1354 3280 3002
[  208.527056] 1355 3330 2997
[  208.527057] 1356 3260 2997
[  208.527059] 1357 3182 3001
[  208.527060] 1358 3262 3003
[  208.527061] 1359 3361 3001
[  208.527063] 1360 3270 3001
[  208.527064] 1361 3269 2997
[  208.527065] 1362 3258 2995
[  208.527066] 1363 3334 2998
[  208.527068] 1364 3312 2992
[  208.527069] 1365 3244 2999
[  208.527070] 1366 3313 2995
[  208.527072] 1367 3188 2996
[  208.527073] 1368 3219 2996
[  208.527074] 1369 3315 2991
[  208.527076] 1370 3336 2995
[  208.527077] 1371 3257 2992
[  208.527078] 1372 3292 2994
[  208.527079] 1373 3310 2993
[  208.527081] 1374 3315 2991
[  208.527082] 1375 3290 2991
[  208.527083] 1376 3237 2996
[  208.527085] 1377 3204 2987
[  208.527086] 1378 3285 2998
[  208.527087] 1379 3243 2993
[  208.527089] 1380 3267 2990
[  208.527090] 1381 3294 2994
[  208.527091] 1382 3331 2990
[  208.527092] 1383 3263 2995
[  208.527094] 1384 3267 2994
[  208.527095] 1385 3288 2997
[  208.527096] 1386 3314 2994
[  208.527098] 1387 3186 2999
[  208.527099] 1388 3239 2996
[  208.527101] 1389 3260 2995
[  208.527103] 1390 3351 2996
[  208.527105] 1391 3252 2986
[  208.527106] 1392 3232 2998
[  208.527107] 1393 3277 2994
[  208.527109] 1394 3334 3001
[  208.527110] 1395 3272 2991
[  208.527111] 1396 3233 2994
[  208.527113] 1397 3200 2991
[  208.527114] 1398 3273 3001
[  208.527115] 1399 3294 2992
[  208.527116] 1400 3282 2996
[  208.527118] 1401 3304 2997
[  208.527119] 1402 3350 2988
[  208.527120] 1403 3277 2998
[  208.527122] 1404 3322 2992
[  208.527123] 1405 3326 2989
[  208.527124] 1406 3302 2995
[  208.527126] 1407 3256 2993
[  208.527127] 1408 3229 2992
[  208.527128] 1409 3261 2988
[  208.527129] 1410 3274 2999
[  208.527131] 1411 3354 2989
[  208.527132] 1412 3428 2992
[  208.527133] 1413 3354 2997
[  208.527135] 1414 3340 2996
[  208.527136] 1415 3370 2990
[  208.527137] 1416 3416 2993
[  208.527139] 1417 3387 3004
[  208.527142] 1418 3318 2996
[  208.527143] 1419 3413 2993
[  208.527144] 1420 3177 2996
[  208.527145] 1421 3141 3000
[  208.527147] 1422 3302 2995
[  208.527148] 1423 3355 2998
[  208.527149] 1424 3346 3001
[  208.527151] 1425 3293 2997
[  208.527152] 1426 3282 3005
[  208.527153] 1427 3340 2997
[  208.527155] 1428 3306 2999
[  208.527156] 1429 3270 2995
[  208.527161] 1430 3264 2998
[  208.527162] 1431 3243 2996
[  208.527164] 1432 3263 2989
[  208.527165] 1433 3272 2993
[  208.527166] 1434 3299 2989
[  208.527168] 1435 3277 2991
[  208.527169] 1436 3278 2996
[  208.527170] 1437 3325 2994
[  208.527171] 1438 3317 2992
[  208.527173] 1439 3285 3002
[  208.527175] 1440 3311 2998
[  208.527176] 1441 3238 2995
[  208.527179] 1442 3284 2997
[  208.527180] 1443 3230 2992
[  208.527181] 1444 3219 2993
[  208.527183] 1445 3272 2996
[  208.527184] 1446 3364 2995
[  208.527185] 1447 3259 2990
[  208.527187] 1448 3293 2997
[  208.527188] 1449 3341 2996
[  208.527189] 1450 3305 2998
[  208.527191] 1451 3333 3002
[  208.527192] 1452 3284 3000
[  208.527193] 1453 3327 3001
[  208.527194] 1454 3206 2997
[  208.527196] 1455 3226 3000
[  208.527197] 1456 3260 2998
[  208.527198] 1457 3330 2998
[  208.527200] 1458 3276 2999
[  208.527201] 1459 3307 2996
[  208.527202] 1460 3277 2999
[  208.527204] 1461 3295 3002
[  208.527205] 1462 3273 2999
[  208.527206] 1463 3319 2997
[  208.527207] 1464 3298 2997
[  208.527209] 1465 3214 2992
[  208.527210] 1466 3250 3001
[  208.527211] 1467 3209 2996
[  208.527213] 1468 3227 3000
[  208.527214] 1469 3308 2997
[  208.527216] 1470 3295 2998
[  208.527218] 1471 3341 3000
[  208.527219] 1472 3271 2998
[  208.527221] 1473 3308 3001
[  208.527222] 1474 3337 2998
[  208.527223] 1475 3287 2998
[  208.527225] 1476 3264 2999
[  208.527226] 1477 3305 3003
[  208.527227] 1478 3252 2994
[  208.527229] 1479 3201 3000
[  208.527230] 1480 3222 2998
[  208.527231] 1481 3352 2999
[  208.527233] 1482 3233 3001
[  208.527234] 1483 3289 3000
[  208.527235] 1484 3310 3000
[  208.527236] 1485 3350 2993
[  208.527238] 1486 3326 2997
[  208.527239] 1487 3308 2999
[  208.527240] 1488 3319 2996
[  208.527242] 1489 3269 2994
[  208.527244] 1490 3244 2997
[  208.527245] 1491 3229 2999
[  208.527246] 1492 3296 2995
[  208.527249] 1493 3266 2996
[  208.527250] 1494 3263 2998
[  208.527252] 1495 3276 2998
[  208.527253] 1496 3306 2988
[  208.527254] 1497 3274 2992
[  208.527255] 1498 3278 2992
[  208.527257] 1499 3362 2996
[  208.527258] 1500 3252 3004
[  208.527259] 1501 3257 2995
[  208.527261] 1502 3219 2995
[  208.527262] 1503 3289 2998
[  208.527263] 1504 3272 2993
[  208.527264] 1505 3273 2996
[  208.527266] 1506 3284 2995
[  208.527267] 1507 3287 2991
[  208.527268] 1508 3306 2986
[  208.527270] 1509 3263 2996
[  208.527271] 1510 3271 2997
[  208.527272] 1511 3291 3001
[  208.527274] 1512 3266 2998
[  208.527275] 1513 3226 2998
[  208.527276] 1514 3276 2996
[  208.527277] 1515 3329 3005
[  208.527279] 1516 3254 2992
[  208.527280] 1517 3358 2994
[  208.527281] 1518 3372 2996
[  208.527283] 1519 3280 2996
[  208.527284] 1520 3291 2996
[  208.527285] 1521 3326 3003
[  208.527287] 1522 3338 2993
[  208.527288] 1523 3258 3001
[  208.527289] 1524 3250 2995
[  208.527292] 1525 3245 2994
[  208.527293] 1526 3242 2991
[  208.527295] 1527 3296 2992
[  208.527304] 1528 3358 2994
[  208.527311] 1529 3287 2996
[  208.527319] 1530 3276 2987
[  208.527327] 1531 3310 2996
[  208.527336] 1532 3339 2997
[  208.527344] 1533 3325 2995
[  208.527352] 1534 3263 2991
[  208.527359] 1535 3292 2993
[  208.527367] 1536 3268 2996
[  208.527375] 1537 3200 2997
[  208.527382] 1538 3252 2996
[  208.527390] 1539 3323 2994
[  208.527398] 1540 3252 2995
[  208.527405] 1541 3274 2990
[  208.527416] 1542 3286 2996
[  208.527426] 1543 3327 2995
[  208.527433] 1544 3292 2999
[  208.527442] 1545 3295 3003
[  208.527449] 1546 3236 2995
[  208.527457] 1547 3282 2999
[  208.527469] 1548 3267 2992
[  208.527475] 1549 3198 2995
[  208.527483] 1550 3308 2999
[  208.527491] 1551 3280 2998
[  208.527503] 1552 3295 2996
[  208.527511] 1553 3353 2997
[  208.527519] 1554 3342 2998
[  208.527527] 1555 3295 2997
[  208.527534] 1556 3217 2996
[  208.527543] 1557 3344 2996
[  208.527557] 1558 3209 2997
[  208.527565] 1559 3241 2999
[  208.527573] 1560 3190 2996
[  208.527581] 1561 3365 2992
[  208.527589] 1562 3295 2994
[  208.527602] 1563 3270 2991
[  208.527610] 1564 3302 2995
[  208.527618] 1565 3268 2995
[  208.527626] 1566 3253 2996
[  208.527633] 1567 3337 2995
[  208.527646] 1568 3381 2996
[  208.527655] 1569 3249 2995
[  208.527662] 1570 3231 2996
[  208.527670] 1571 3216 2991
[  208.527679] 1572 3270 2990
[  208.527689] 1573 3310 2993
[  208.527694] 1574 3319 2988
[  208.527703] 1575 3312 2995
[  208.527712] 1576 3310 2997
[  208.527723] 1577 3311 2995
[  208.527730] 1578 3285 3002
[  208.527739] 1579 3277 3004
[  208.527747] 1580 3302 2999
[  208.527770] 1581 3303 2998
[  208.527778] 1582 3333 2999
[  208.527785] 1583 3253 3004
[  208.527793] 1584 3343 3001
[  208.527802] 1585 3347 3000
[  208.527812] 1586 3369 3001
[  208.527820] 1587 3317 3006
[  208.527827] 1588 3358 3000
[  208.527835] 1589 3317 2999
[  208.527842] 1590 3385 3004
[  208.527851] 1591 3326 3001
[  208.527858] 1592 3226 3005
[  208.527865] 1593 3237 2997
[  208.527872] 1594 3225 2997
[  208.527880] 1595 3238 3003
[  208.527890] 1596 3278 2996
[  208.527900] 1597 3362 2992
[  208.527908] 1598 3344 2997
[  208.527915] 1599 3304 2995
[  208.527924] 1600 3265 2994
[  208.527936] 1601 3339 2996
[  208.527943] 1602 3279 2997
[  208.527951] 1603 3235 2996
[  208.527959] 1604 3265 2996
[  208.527968] 1605 3249 2998
[  208.527975] 1606 3196 2994
[  208.527982] 1607 3295 2997
[  208.527990] 1608 3292 2994
[  208.527996] 1609 3282 2997
[  208.528004] 1610 3312 2997
[  208.528012] 1611 3280 2996
[  208.528018] 1612 3330 2997
[  208.528026] 1613 3280 2991
[  208.528032] 1614 3298 2997
[  208.528036] 1615 3271 2995
[  208.528037] 1616 3260 2994
[  208.528038] 1617 3221 2993
[  208.528040] 1618 3208 2998
[  208.528041] 1619 3347 2998
[  208.528042] 1620 3283 2991
[  208.528044] 1621 3269 2996
[  208.528045] 1622 3313 2995
[  208.528046] 1623 3275 2994
[  208.528048] 1624 3262 2994
[  208.528049] 1625 3265 2993
[  208.528050] 1626 3277 2999
[  208.528051] 1627 3262 2995
[  208.528053] 1628 3234 2993
[  208.528054] 1629 3181 2996
[  208.528055] 1630 3337 2996
[  208.528057] 1631 3279 2998
[  208.528058] 1632 3216 2992
[  208.528059] 1633 3318 2996
[  208.528061] 1634 3275 2998
[  208.528062] 1635 3285 2999
[  208.528063] 1636 3305 2991
[  208.528065] 1637 3315 2993
[  208.528066] 1638 3268 2993
[  208.528067] 1639 3201 2995
[  208.528069] 1640 3233 2995
[  208.528070] 1641 3253 2992
[  208.528071] 1642 3268 2999
[  208.528073] 1643 3280 2997
[  208.528074] 1644 3330 2997
[  208.528075] 1645 3333 2995
[  208.528077] 1646 3247 2999
[  208.528078] 1647 3353 2996
[  208.528081] 1648 3306 2995
[  208.528082] 1649 3282 2995
[  208.528084] 1650 3189 2995
[  208.528085] 1651 3298 2998
[  208.528086] 1652 3179 2994
[  208.528088] 1653 3269 2996
[  208.528089] 1654 3315 2998
[  208.528090] 1655 3284 2997
[  208.528092] 1656 3272 2991
[  208.528093] 1657 3306 2997
[  208.528094] 1658 3358 2994
[  208.528096] 1659 3341 2995
[  208.528097] 1660 3260 2996
[  208.528098] 1661 3269 2997
[  208.528100] 1662 3306 2995
[  208.528101] 1663 3229 2990
[  208.528102] 1664 3207 2993
[  208.528103] 1665 3285 2993
[  208.528105] 1666 3269 2997
[  208.528106] 1667 3287 2996
[  208.528107] 1668 3274 2994
[  208.528109] 1669 3349 2986
[  208.528110] 1670 3302 2996
[  208.528111] 1671 3279 2996
[  208.528112] 1672 3309 2999
[  208.528114] 1673 3318 2998
[  208.528115] 1674 3270 2991
[  208.528116] 1675 3257 2995
[  208.528118] 1676 3271 2997
[  208.528119] 1677 3188 2992
[  208.528120] 1678 3289 2997
[  208.528122] 1679 3313 2992
[  208.528123] 1680 3287 2993
[  208.528125] 1681 3244 2995
[  208.528127] 1682 3296 2997
[  208.528129] 1683 3317 3000
[  208.528130] 1684 3268 2996
[  208.528131] 1685 3291 2998
[  208.528136] 1686 3372 2996
[  208.528138] 1687 3282 3007
[  208.528139] 1688 3208 2990
[  208.528141] 1689 3232 2992
[  208.528142] 1690 3391 2997
[  208.528143] 1691 3344 2998
[  208.528145] 1692 3316 2998
[  208.528146] 1693 3376 2998
[  208.528147] 1694 3402 2997
[  208.528148] 1695 3401 2992
[  208.528150] 1696 3446 2994
[  208.528151] 1697 3355 2991
[  208.528152] 1698 3410 2996
[  208.528154] 1699 3353 2990
[  208.528156] 1700 3205 2999
[  208.528159] 1701 3251 2989
[  208.528160] 1702 3202 2993
[  208.528161] 1703 3278 2998
[  208.528162] 1704 3326 2999
[  208.528164] 1705 3294 3000
[  208.528165] 1706 3286 2996
[  208.528166] 1707 3315 3000
[  208.528168] 1708 3337 2997
[  208.528169] 1709 3304 3004
[  208.528170] 1710 3297 2996
[  208.528172] 1711 3268 3001
[  208.528173] 1712 3241 3003
[  208.528174] 1713 3210 2999
[  208.528175] 1714 3205 2994
[  208.528177] 1715 3255 2999
[  208.528178] 1716 3248 2999
[  208.528179] 1717 3282 2999
[  208.528181] 1718 3274 2998
[  208.528182] 1719 3260 2998
[  208.528183] 1720 3254 2995
[  208.528184] 1721 3311 2994
[  208.528186] 1722 3279 2995
[  208.528187] 1723 3217 2995
[  208.528188] 1724 3272 2996
[  208.528190] 1725 3248 2997
[  208.528191] 1726 3223 2995
[  208.528193] 1727 3289 2993
[  208.528194] 1728 3278 2998
[  208.528195] 1729 3308 2997
[  208.528198] 1730 3295 2999
[  208.528199] 1731 3290 2997
[  208.528201] 1732 3320 2996
[  208.528202] 1733 3233 2992
[  208.528203] 1734 3257 2994
[  208.528205] 1735 3263 2996
[  208.528206] 1736 3249 2993
[  208.528207] 1737 3197 2994
[  208.528209] 1738 3270 2995
[  208.528210] 1739 3299 2995
[  208.528211] 1740 3301 2998
[  208.528213] 1741 3339 2997
[  208.528214] 1742 3296 2993
[  208.528215] 1743 3276 3001
[  208.528216] 1744 3320 2998
[  208.528218] 1745 3298 2991
[  208.528219] 1746 3271 2999
[  208.528220] 1747 3228 2994
[  208.528222] 1748 3248 2995
[  208.528223] 1749 3209 2991
[  208.528224] 1750 3316 2997
[  208.528225] 1751 3304 2995
[  208.528227] 1752 3299 2992
[  208.528228] 1753 3332 2994
[  208.528229] 1754 3279 2997
[  208.528231] 1755 3270 2995
[  208.528232] 1756 3289 2998
[  208.528233] 1757 3317 2999
[  208.528236] 1758 3268 2995
[  208.528237] 1759 3276 2993
[  208.528239] 1760 3287 3003
[  208.528240] 1761 3195 2997
[  208.528241] 1762 3329 2994
[  208.528243] 1763 3309 2991
[  208.528244] 1764 3339 2993
[  208.528245] 1765 3294 2993
[  208.528246] 1766 3278 2993
[  208.528248] 1767 3280 2998
[  208.528249] 1768 3324 2990
[  208.528250] 1769 3241 2991
[  208.528252] 1770 3232 2992
[  208.528253] 1771 3292 2997
[  208.528254] 1772 3197 2991
[  208.528255] 1773 3267 2997
[  208.528257] 1774 3276 2995
[  208.528258] 1775 3345 2993
[  208.528259] 1776 3285 2998
[  208.528261] 1777 3307 2998
[  208.528262] 1778 3304 2994
[  208.528263] 1779 3313 2998
[  208.528265] 1780 3275 2997
[  208.528266] 1781 3263 3003
[  208.528267] 1782 3313 2994
[  208.528269] 1783 3235 2996
[  208.528270] 1784 3234 2996
[  208.528271] 1785 3303 2993
[  208.528273] 1786 3247 2990
[  208.528274] 1787 3304 2993
[  208.528275] 1788 3297 2995
[  208.528277] 1789 3328 2993
[  208.528278] 1790 3297 2983
[  208.528279] 1791 3314 2997
[  208.528281] 1792 3309 2992
[  208.528282] 1793 3243 2993
[  208.528283] 1794 3241 2993
[  208.528285] 1795 3252 2995
[  208.528286] 1796 3261 2993
[  208.528287] 1797 3270 2995
[  208.528288] 1798 3289 2993
[  208.528290] 1799 3322 2992
[  208.528291] 1800 3320 2995
[  208.528293] 1801 3290 2989
[  208.528294] 1802 3278 2996
[  208.528295] 1803 3352 2995
[  208.528298] 1804 3295 2996
[  208.528299] 1805 3265 2998
[  208.528300] 1806 3248 2997
[  208.528302] 1807 3223 2994
[  208.528303] 1808 3215 2994
[  208.528304] 1809 3299 2993
[  208.528306] 1810 3357 2995
[  208.528307] 1811 3352 2999
[  208.528308] 1812 3299 3000
[  208.528310] 1813 3255 2996
[  208.528314] 1814 3292 3000
[  208.528316] 1815 3268 2996
[  208.528317] 1816 3302 2994
[  208.528319] 1817 3285 2991
[  208.528320] 1818 3290 2994
[  208.528321] 1819 3218 2992
[  208.528323] 1820 3264 2994
[  208.528324] 1821 3285 2988
[  208.528325] 1822 3302 2992
[  208.528326] 1823 3279 2992
[  208.528328] 1824 3327 2994
[  208.528329] 1825 3346 2995
[  208.528330] 1826 3361 2993
[  208.528332] 1827 3327 2997
[  208.528333] 1828 3287 2996
[  208.528335] 1829 3301 2998
[  208.528337] 1830 3250 2995
[  208.528339] 1831 3265 2994
[  208.528340] 1832 3296 2997
[  208.528341] 1833 3335 2994
[  208.528343] 1834 3325 3000
[  208.528344] 1835 3325 2998
[  208.528345] 1836 3339 2999
[  208.528346] 1837 3281 2995
[  208.528348] 1838 3308 2997
[  208.528349] 1839 3288 2998
[  208.528350] 1840 3306 2998
[  208.528352] 1841 3286 2995
[  208.528353] 1842 3248 2997
[  208.528354] 1843 3307 2996
[  208.528356] 1844 3316 2994
[  208.528357] 1845 3335 2998
[  208.528358] 1846 3338 2993
[  208.528359] 1847 3425 3003
[  208.528361] 1848 3293 2991
[  208.528362] 1849 3308 2994
[  208.528363] 1850 3347 2990
[  208.528365] 1851 3383 2998
[  208.528366] 1852 3280 2995
[  208.528367] 1853 3274 2998
[  208.528368] 1854 3253 2997
[  208.528370] 1855 3327 2992
[  208.528371] 1856 3292 2997
[  208.528373] 1857 3366 2998
[  208.528374] 1858 3368 3002
[  208.528377] 1859 3364 2995
[  208.528378] 1860 3292 2993
[  208.528379] 1861 3383 3001
[  208.528380] 1862 3402 2999
[  208.528382] 1863 3353 2992
[  208.528383] 1864 3301 3000
[  208.528384] 1865 3270 2993
[  208.528386] 1866 3379 3004
[  208.528387] 1867 3395 3000
[  208.528388] 1868 3314 2995
[  208.528390] 1869 3392 2996
[  208.528391] 1870 3418 2994
[  208.528392] 1871 3424 3001
[  208.528393] 1872 3280 2998
[  208.528395] 1873 3380 2994
[  208.528396] 1874 3333 3000
[  208.528397] 1875 3316 2993
[  208.528399] 1876 3279 2999
[  208.528400] 1877 3256 3000
[  208.528401] 1878 3336 3003
[  208.528403] 1879 3333 3000
[  208.528405] 1880 3370 3000
[  208.528406] 1881 3329 3001
[  208.528407] 1882 3358 3001
[  208.528409] 1883 3354 2993
[  208.528411] 1884 3437 3002
[  208.528412] 1885 3337 3002
[  208.528415] 1886 3294 2999
[  208.528416] 1887 3302 2997
[  208.528417] 1888 3279 3002
[  208.528419] 1889 3331 3001
[  208.528420] 1890 3357 2994
[  208.528421] 1891 3316 2993
[  208.528423] 1892 3328 3001
[  208.528424] 1893 3307 2999
[  208.528425] 1894 3317 2998
[  208.528426] 1895 3333 3003
[  208.528428] 1896 3357 2996
[  208.528429] 1897 3304 2997
[  208.528430] 1898 3310 2998
[  208.528432] 1899 3289 3000
[  208.528433] 1900 3227 2997
[  208.528434] 1901 3292 3001
[  208.528436] 1902 3317 3000
[  208.528437] 1903 3289 2999
[  208.528438] 1904 3314 3001
[  208.528440] 1905 3406 3001
[  208.528441] 1906 3340 2996
[  208.528442] 1907 3328 2995
[  208.528444] 1908 3335 2999
[  208.528445] 1909 3339 2998
[  208.528446] 1910 3249 2997
[  208.528448] 1911 3266 2988
[  208.528449] 1912 3218 2996
[  208.528450] 1913 3315 2994
[  208.528452] 1914 3279 2991
[  208.528454] 1915 3312 2993
[  208.528455] 1916 3332 2990
[  208.528456] 1917 3353 2995
[  208.528459] 1918 3327 3004
[  208.528460] 1919 3344 2990
[  208.528462] 1920 3306 2992
[  208.528463] 1921 3291 2997
[  208.528464] 1922 3273 2993
[  208.528465] 1923 3258 2996
[  208.528467] 1924 3251 2989
[  208.528468] 1925 3330 2991
[  208.528469] 1926 3281 2994
[  208.528471] 1927 3372 3004
[  208.528472] 1928 3309 3001
[  208.528473] 1929 3308 3003
[  208.528475] 1930 3292 2998
[  208.528476] 1931 3386 3002
[  208.528477] 1932 3335 2998
[  208.528479] 1933 3272 2998
[  208.528480] 1934 3333 3000
[  208.528481] 1935 3291 3000
[  208.528482] 1936 3257 2996
[  208.528484] 1937 3282 2999
[  208.528485] 1938 3303 2997
[  208.528486] 1939 3327 2999
[  208.528489] 1940 3330 2995
[  208.528491] 1941 3326 2999
[  208.528495] 1942 3339 2997
[  208.528497] 1943 3317 2995
[  208.528498] 1944 3324 2993
[  208.528500] 1945 3348 2999
[  208.528501] 1946 3298 2999
[  208.528502] 1947 3276 2996
[  208.528504] 1948 3289 2991
[  208.528505] 1949 3327 2995
[  208.528506] 1950 3316 2996
[  208.528507] 1951 3325 2995
[  208.528509] 1952 3413 2994
[  208.528510] 1953 3308 2989
[  208.528511] 1954 3323 2997
[  208.528513] 1955 3362 2996
[  208.528514] 1956 3291 2994
[  208.528516] 1957 3257 2992
[  208.528517] 1958 3330 2995
[  208.528518] 1959 3361 2991
[  208.528521] 1960 3255 3002
[  208.528522] 1961 3305 2996
[  208.528523] 1962 3314 2996
[  208.528525] 1963 3363 2997
[  208.528526] 1964 3324 2999
[  208.528527] 1965 3351 3000
[  208.528529] 1966 3391 2992
[  208.528530] 1967 3374 2998
[  208.528531] 1968 3352 2997
[  208.528533] 1969 3348 2997
[  208.528534] 1970 3415 2996
[  208.528535] 1971 3348 2998
[  208.528536] 1972 3343 2995
[  208.528538] 1973 3389 2998
[  208.528539] 1974 3443 2994
[  208.528540] 1975 3445 2999
[  208.528542] 1976 3410 2991
[  208.528543] 1977 3468 2996
[  208.528544] 1978 3425 2998
[  208.528546] 1979 3481 2993
[  208.528548] 1980 3222 2987
[  208.528550] 1981 3244 2996
[  208.528552] 1982 3237 2991
[  208.528553] 1983 3211 2995
[  208.528554] 1984 3304 2994
[  208.528555] 1985 3256 2995
[  208.528557] 1986 3271 2994
[  208.528558] 1987 3318 2998
[  208.528559] 1988 3299 2994
[  208.528561] 1989 3288 2996
[  208.528562] 1990 3292 2989
[  208.528563] 1991 3368 2996
[  208.528565] 1992 3288 2993
[  208.528566] 1993 3287 2999
[  208.528567] 1994 3320 2998
[  208.528569] 1995 3246 2992
[  208.528570] 1996 3226 2997
[  208.528571] 1997 3274 2995
[  208.528572] 1998 3288 2996
[  208.528574] 1999 3337 2999
[  208.528575] 2000 3295 2989
[  208.528576] 2001 3324 2993
[  208.528578] 2002 3329 2994
[  208.528579] 2003 3338 2991
[  208.528580] 2004 3289 2996
[  208.528582] 2005 3307 2994
[  208.528583] 2006 3286 2995
[  208.528585] 2007 3215 2989
[  208.528586] 2008 3319 2998
[  208.528589] 2009 3327 2997
[  208.528590] 2010 3317 2997
[  208.528591] 2011 3299 2997
[  208.528593] 2012 3378 2993
[  208.528594] 2013 3367 2994
[  208.528595] 2014 3344 2997
[  208.528597] 2015 3353 2995
[  208.528598] 2016 3375 3000
[  208.528599] 2017 3313 3002
[  208.528601] 2018 3317 3001
[  208.528602] 2019 3222 2996
[  208.528603] 2020 3282 2995
[  208.528604] 2021 3296 2994
[  208.528606] 2022 3278 2997
[  208.528607] 2023 3340 3000
[  208.528609] 2024 3294 2995
[  208.528610] 2025 3330 2992
[  208.528611] 2026 3342 2998
[  208.528613] 2027 3325 3000
[  208.528614] 2028 3322 2992
[  208.528616] 2029 3264 3003
[  208.528618] 2030 3226 2999
[  208.528620] 2031 3204 2995
[  208.528621] 2032 3296 2996
[  208.528622] 2033 3325 3000
[  208.528624] 2034 3365 2999
[  208.528625] 2035 3313 2996
[  208.528626] 2036 3284 2993
[  208.528628] 2037 3365 2993
[  208.528629] 2038 3348 2998
[  208.528630] 2039 3328 3006
[  208.528632] 2040 3311 2992
[  208.528633] 2041 3325 2994
[  208.528634] 2042 3249 2995
[  208.528636] 2043 3294 2996
[  208.528637] 2044 3325 2994
[  208.528638] 2045 3296 2991
[  208.528639] 2046 3285 2994
[  208.528641] 2047 3319 2992
[  208.528642] 2048 3363 2990
[  208.528643] 2049 3376 2991
[  208.528645] 2050 3291 2995
[  208.528646] 2051 3282 2995
[  208.528647] 2052 3266 2990
[  208.528649] 2053 3277 3000
[  208.528650] 2054 3234 3000
[  208.528651] 2055 3262 2995
[  208.528653] 2056 3299 2993
[  208.528654] 2057 3340 2996
[  208.528656] 2058 3324 2994
[  208.528657] 2059 3365 2998
[  208.528658] 2060 3369 2999
[  208.528659] 2061 3355 2994
[  208.528661] 2062 3368 2997
[  208.528662] 2063 3396 3001
[  208.528663] 2064 3282 2994
[  208.528665] 2065 3277 2998
[  208.528666] 2066 3240 3000
[  208.528668] 2067 3302 2993
[  208.528669] 2068 3302 2994
[  208.528673] 2069 3325 2999
[  208.528678] 2070 3415 3006
[  208.528679] 2071 3332 2996
[  208.528681] 2072 3335 2989
[  208.528682] 2073 3398 2998
[  208.528683] 2074 3327 2997
[  208.528685] 2075 3364 2993
[  208.528686] 2076 3319 2998
[  208.528687] 2077 3319 2995
[  208.528689] 2078 3238 2990
[  208.528690] 2079 3275 2992
[  208.528691] 2080 3357 2987
[  208.528692] 2081 3397 2992
[  208.528694] 2082 3352 2999
[  208.528695] 2083 3353 2995
[  208.528696] 2084 3425 2994
[  208.528698] 2085 3380 2996
[  208.528699] 2086 3342 2992
[  208.528700] 2087 3337 2993
[  208.528702] 2088 3318 2992
[  208.528703] 2089 3268 2994
[  208.528705] 2090 3243 2997
[  208.528707] 2091 3349 2998
[  208.528709] 2092 3349 2995
[  208.528710] 2093 3327 2997
[  208.528711] 2094 3338 3003
[  208.528713] 2095 3344 2992
[  208.528714] 2096 3348 2999
[  208.528715] 2097 3334 2994
[  208.528717] 2098 3383 2994
[  208.528718] 2099 3383 3005
[  208.528719] 2100 3308 2998
[  208.528721] 2101 3212 2993
[  208.528722] 2102 3306 2996
[  208.528723] 2103 3292 2997
[  208.528725] 2104 3316 3001
[  208.528726] 2105 3350 2996
[  208.528727] 2106 3387 2995
[  208.528729] 2107 3362 3000
[  208.528730] 2108 3365 2994
[  208.528731] 2109 3320 2996
[  208.528732] 2110 3380 2993
[  208.528734] 2111 3296 2994
[  208.528735] 2112 3308 2998
[  208.528737] 2113 3282 3002
[  208.528745] 2114 3310 2995
[  208.528755] 2115 3304 2993
[  208.528763] 2116 3336 2997
[  208.528771] 2117 3382 3000
[  208.528781] 2118 3347 2989
[  208.528790] 2119 3319 2992
[  208.528798] 2120 3378 2993
[  208.528806] 2121 3378 2994
[  208.528813] 2122 3322 2997
[  208.528823] 2123 3345 2998
[  208.528832] 2124 3270 2993
[  208.528840] 2125 3245 3000
[  208.528847] 2126 3294 2997
[  208.528855] 2127 3375 2993
[  208.528867] 2128 3340 3001
[  208.528875] 2129 3372 2998
[  208.528883] 2130 3415 2998
[  208.528891] 2131 3364 3002
[  208.528899] 2132 3303 3003
[  208.528905] 2133 3365 2996
[  208.528916] 2134 3364 2994
[  208.528923] 2135 3376 2999
[  208.528931] 2136 3319 2998
[  208.528942] 2137 3278 2996
[  208.528952] 2138 3341 2998
[  208.528960] 2139 3296 2997
[  208.528967] 2140 3383 2999
[  208.528975] 2141 3379 2998
[  208.528982] 2142 3336 2999
[  208.528992] 2143 3408 2995
[  208.528999] 2144 3403 2994
[  208.529005] 2145 3394 2996
[  208.529014] 2146 3392 2994
[  208.529023] 2147 3369 2995
[  208.529031] 2148 3396 2997
[  208.529039] 2149 3342 3001
[  208.529047] 2150 3401 2998
[  208.529053] 2151 3344 2998
[  208.529062] 2152 3280 2993
[  208.529069] 2153 3320 2993
[  208.529077] 2154 3344 2997
[  208.529084] 2155 3391 2995
[  208.529092] 2156 3313 3001
[  208.529103] 2157 3333 3001
[  208.529110] 2158 3327 2997
[  208.529118] 2159 3318 3006
[  208.529126] 2160 3272 2994
[  208.529135] 2161 3264 2994
[  208.529144] 2162 3337 3001
[  208.529152] 2163 3312 2994
[  208.529160] 2164 3365 2999
[  208.529170] 2165 3401 2994
[  208.529178] 2166 3330 2995
[  208.529186] 2167 3351 2994
[  208.529193] 2168 3358 2991
[  208.529202] 2169 3346 2984
[  208.529212] 2170 3326 2987
[  208.529220] 2171 3300 2980
[  208.529228] 2172 3251 2992
[  208.529235] 2173 3364 2994
[  208.529244] 2174 3344 2993
[  208.529254] 2175 3328 2995
[  208.529262] 2176 3321 2993
[  208.529270] 2177 3361 2998
[  208.529284] 2178 3381 2993
[  208.529289] 2179 3319 2991
[  208.529297] 2180 3363 2989
[  208.529304] 2181 3338 2995
[  208.529311] 2182 3297 2994
[  208.529321] 2183 3280 2997
[  208.529329] 2184 3280 2995
[  208.529337] 2185 3316 2998
[  208.529345] 2186 3345 2998
[  208.529352] 2187 3413 2999
[  208.529365] 2188 3305 3005
[  208.529373] 2189 3365 2992
[  208.529381] 2190 3424 2998
[  208.529388] 2191 3357 3001
[  208.529396] 2192 3374 2992
[  208.529405] 2193 3329 2996
[  208.529415] 2194 3298 2993
[  208.529422] 2195 3308 2998
[  208.529430] 2196 3281 2997
[  208.529442] 2197 3315 2998
[  208.529455] 2198 3347 2999
[  208.529463] 2199 3307 2996
[  208.529466] 2200 3392 3003
[  208.529468] 2201 3309 2993
[  208.529469] 2202 3376 2991
[  208.529470] 2203 3321 2991
[  208.529472] 2204 3321 2994
[  208.529473] 2205 3332 2990
[  208.529474] 2206 3322 2990
[  208.529476] 2207 3241 2991
[  208.529477] 2208 3304 2994
[  208.529478] 2209 3308 2989
[  208.529480] 2210 3388 2993
[  208.529481] 2211 3361 2988
[  208.529482] 2212 3399 3000
[  208.529483] 2213 3368 3000
[  208.529485] 2214 3345 2993
[  208.529486] 2215 3360 2998
[  208.529487] 2216 3351 2989
[  208.529489] 2217 3326 2988
[  208.529490] 2218 3307 2994
[  208.529491] 2219 3275 2989
[  208.529493] 2220 3300 2994
[  208.529494] 2221 3332 2995
[  208.529495] 2222 3421 2999
[  208.529497] 2223 3391 2996
[  208.529498] 2224 3372 2991
[  208.529499] 2225 3306 2997
[  208.529501] 2226 3351 2992
[  208.529502] 2227 3384 2993
[  208.529504] 2228 3327 2996
[  208.529506] 2229 3238 2988
[  208.529508] 2230 3333 2993
[  208.529509] 2231 3305 2991
[  208.529510] 2232 3395 2996
[  208.529512] 2233 3440 2997
[  208.529513] 2234 3384 2997
[  208.529514] 2235 3413 2996
[  208.529516] 2236 3328 2993
[  208.529517] 2237 3337 2998
[  208.529518] 2238 3297 2994
[  208.529520] 2239 3256 2997
[  208.529521] 2240 3243 2996
[  208.529522] 2241 3343 2999
[  208.529523] 2242 3319 2998
[  208.529525] 2243 3313 2996
[  208.529526] 2244 3417 2993
[  208.529527] 2245 3416 2997
[  208.529529] 2246 3402 2988
[  208.529530] 2247 3447 2992
[  208.529531] 2248 3330 2998
[  208.529533] 2249 3384 2996
[  208.529535] 2250 3405 2996
[  208.529537] 2251 3309 2994
[  208.529539] 2252 3329 2998
[  208.529540] 2253 3473 3000
[  208.529541] 2254 3400 2997
[  208.529543] 2255 3420 2996
[  208.529544] 2256 3436 2999
[  208.529545] 2257 3421 2999
[  208.529547] 2258 3465 2995
[  208.529548] 2259 3365 3001
[  208.529549] 2260 3220 2997
[  208.529551] 2261 3306 2998
[  208.529552] 2262 3233 2998
[  208.529553] 2263 3248 2991
[  208.529555] 2264 3282 2997
[  208.529556] 2265 3293 2995
[  208.529557] 2266 3290 2999
[  208.529559] 2267 3307 2997
[  208.529560] 2268 3326 2996
[  208.529561] 2269 3325 2999
[  208.529563] 2270 3335 2993
[  208.529564] 2271 3318 3002
[  208.529565] 2272 3298 2999
[  208.529568] 2273 3289 2998
[  208.529570] 2274 3275 2996
[  208.529571] 2275 3235 2999
[  208.529572] 2276 3305 3006
[  208.529573] 2277 3300 2998
[  208.529575] 2278 3331 2994
[  208.529576] 2279 3342 2998
[  208.529577] 2280 3344 2995
[  208.529579] 2281 3320 2992
[  208.529580] 2282 3346 2998
[  208.529581] 2283 3376 3002
[  208.529583] 2284 3276 2996
[  208.529584] 2285 3227 2996
[  208.529585] 2286 3263 2995
[  208.529586] 2287 3300 2999
[  208.529588] 2288 3314 2993
[  208.529589] 2289 3386 2991
[  208.529590] 2290 3344 2997
[  208.529592] 2291 3290 2993
[  208.529593] 2292 3311 2999
[  208.529594] 2293 3363 2995
[  208.529596] 2294 3323 3001
[  208.529597] 2295 3339 2991
[  208.529598] 2296 3311 2983
[  208.529599] 2297 3286 2985
[  208.529601] 2298 3296 2994
[  208.529602] 2299 3270 2996
[  208.529605] 2300 3276 2994
[  208.529607] 2301 3349 2989
[  208.529608] 2302 3324 2994
[  208.529609] 2303 3304 2996
[  208.529610] 2304 3305 2998
[  208.529612] 2305 3328 3002
[  208.529613] 2306 3297 2999
[  208.529614] 2307 3345 2988
[  208.529616] 2308 3287 2996
[  208.529617] 2309 3262 2991
[  208.529618] 2310 3270 2988
[  208.529620] 2311 3315 2990
[  208.529621] 2312 3352 2999
[  208.529622] 2313 3303 2999
[  208.529623] 2314 3326 2993
[  208.529625] 2315 3361 2994
[  208.529626] 2316 3331 2992
[  208.529627] 2317 3334 2997
[  208.529629] 2318 3266 2993
[  208.529630] 2319 3334 2997
[  208.529631] 2320 3261 2999
[  208.529633] 2321 3264 2994
[  208.529634] 2322 3307 2996
[  208.529635] 2323 3372 2995
[  208.529637] 2324 3295 2998
[  208.529639] 2325 3327 2998
[  208.529647] 2326 3322 3000
[  208.529649] 2327 3349 2999
[  208.529651] 2328 3293 2997
[  208.529652] 2329 3317 2992
[  208.529653] 2330 3265 2992
[  208.529655] 2331 3225 2995
[  208.529656] 2332 3273 2983
[  208.529657] 2333 3268 2990
[  208.529659] 2334 3316 2986
[  208.529660] 2335 3320 2997
[  208.529661] 2336 3323 2998
[  208.529663] 2337 3363 2986
[  208.529664] 2338 3328 2995
[  208.529665] 2339 3291 3000
[  208.529667] 2340 3392 2988
[  208.529668] 2341 3362 2986
[  208.529669] 2342 3324 2999
[  208.529671] 2343 3364 2993
[  208.529672] 2344 3307 2993
[  208.529673] 2345 3310 3000
[  208.529675] 2346 3364 2996
[  208.529676] 2347 3379 2991
[  208.529677] 2348 3384 2990
[  208.529680] 2349 3365 2992
[  208.529681] 2350 3364 2995
[  208.529683] 2351 3408 2988
[  208.529684] 2352 3383 2994
[  208.529685] 2353 3390 2994
[  208.529687] 2354 3366 2998
[  208.529688] 2355 3275 2996
[  208.529689] 2356 3253 3004
[  208.529691] 2357 3332 2993
[  208.529692] 2358 3352 2991
[  208.529693] 2359 3400 2990
[  208.529694] 2360 3456 3000
[  208.529696] 2361 3404 2999
[  208.529697] 2362 3434 2994
[  208.529698] 2363 3323 3000
[  208.529700] 2364 3335 2995
[  208.529701] 2365 3355 2993
[  208.529702] 2366 3335 2999
[  208.529704] 2367 3302 2995
[  208.529705] 2368 3293 2992
[  208.529706] 2369 3343 3000
[  208.529708] 2370 3348 2995
[  208.529709] 2371 3373 2990
[  208.529710] 2372 3329 2998
[  208.529712] 2373 3420 3001
[  208.529713] 2374 3396 2994
[  208.529714] 2375 3385 2993
[  208.529716] 2376 3378 3000
[  208.529717] 2377 3388 2996
[  208.529719] 2378 3308 2996
[  208.529721] 2379 3296 2997
[  208.529722] 2380 3321 2999
[  208.529724] 2381 3328 2990
[  208.529725] 2382 3344 3001
[  208.529726] 2383 3332 2993
[  208.529728] 2384 3390 2994
[  208.529729] 2385 3379 2995
[  208.529730] 2386 3445 2993
[  208.529732] 2387 3413 2996
[  208.529733] 2388 3416 2993
[  208.529734] 2389 3331 3000
[  208.529735] 2390 3381 2999
[  208.529737] 2391 3297 3001
[  208.529738] 2392 3291 2999
[  208.529739] 2393 3353 3000
[  208.529741] 2394 3432 2995
[  208.529742] 2395 3360 2998
[  208.529743] 2396 3374 2996
[  208.529744] 2397 3427 2996
[  208.529746] 2398 3349 2999
[  208.529747] 2399 3362 2999
[  208.529748] 2400 3399 2997
[  208.529750] 2401 3316 2996
[  208.529751] 2402 3365 2998
[  208.529752] 2403 3234 2999
[  208.529754] 2404 3351 2997
[  208.529755] 2405 3338 2995
[  208.529756] 2406 3365 3000
[  208.529757] 2407 3416 2997
[  208.529759] 2408 3393 2998
[  208.529761] 2409 3377 2999
[  208.529762] 2410 3346 2996
[  208.529766] 2411 3346 2996
[  208.529767] 2412 3419 2998
[  208.529768] 2413 3326 2998
[  208.529770] 2414 3330 3000
[  208.529771] 2415 3291 2996
[  208.529772] 2416 3388 2999
[  208.529774] 2417 3310 3002
[  208.529775] 2418 3367 2991
[  208.529776] 2419 3454 2997
[  208.529778] 2420 3382 3010
[  208.529779] 2421 3393 2996
[  208.529780] 2422 3407 2996
[  208.529785] 2423 3445 2999
[  208.529797] 2424 3409 2994
[  208.529798] 2425 3356 2988
[  208.529800] 2426 3372 2994
[  208.529801] 2427 3270 2988
[  208.529802] 2428 3415 2991
[  208.529804] 2429 3345 2978
[  208.529805] 2430 3431 2989
[  208.529806] 2431 3400 2993
[  208.529807] 2432 3338 2994
[  208.529809] 2433 3374 2988
[  208.529810] 2434 3334 2990
[  208.529811] 2435 3319 2991
[  208.529813] 2436 3372 2994
[  208.529814] 2437 3357 2993
[  208.529815] 2438 3226 2992
[  208.529816] 2439 3305 2989
[  208.529818] 2440 3382 2996
[  208.529819] 2441 3323 2996
[  208.529821] 2442 3369 2995
[  208.529822] 2443 3368 2998
[  208.529825] 2444 3376 3000
[  208.529826] 2445 3379 2991
[  208.529827] 2446 3378 2996
[  208.529829] 2447 3310 2996
[  208.529830] 2448 3345 2997
[  208.529831] 2449 3273 2997
[  208.529832] 2450 3268 3003
[  208.529834] 2451 3324 2994
[  208.529835] 2452 3341 2998
[  208.529837] 2453 3316 2996
[  208.529842] 2454 3373 3004
[  208.529844] 2455 3353 2992
[  208.529845] 2456 3360 2988
[  208.529847] 2457 3344 2997
[  208.529848] 2458 3321 2983
[  208.529849] 2459 3374 2992
[  208.529851] 2460 3293 2991
[  208.529852] 2461 3335 2998
[  208.529855] 2462 3282 2993
[  208.529856] 2463 3303 2992
[  208.529858] 2464 3333 2989
[  208.529859] 2465 3272 2994
[  208.529860] 2466 3341 2996
[  208.529862] 2467 3340 2998
[  208.529863] 2468 3383 2991
[  208.529864] 2469 3407 3004
[  208.529865] 2470 3389 2994
[  208.529867] 2471 3318 2998
[  208.529868] 2472 3298 2992
[  208.529869] 2473 3321 2995
[  208.529871] 2474 3248 2994
[  208.529872] 2475 3338 2990
[  208.529873] 2476 3355 2992
[  208.529875] 2477 3340 2993
[  208.529876] 2478 3327 2994
[  208.529877] 2479 3386 2996
[  208.529878] 2480 3352 2988
[  208.529880] 2481 3385 3000
[  208.529881] 2482 3348 2993
[  208.529882] 2483 3347 2994
[  208.529884] 2484 3349 2992
[  208.529885] 2485 3342 2999
[  208.529886] 2486 3313 2993
[  208.529887] 2487 3328 2996
[  208.529889] 2488 3330 2999
[  208.529890] 2489 3361 2998
[  208.529891] 2490 3393 2996
[  208.529893] 2491 3372 2991
[  208.529894] 2492 3333 2993
[  208.529895] 2493 3314 2994
[  208.529897] 2494 3377 2993
[  208.529898] 2495 3390 2997
[  208.529901] 2496 3324 2999
[  208.529902] 2497 3352 2992
[  208.529904] 2498 3341 2996
[  208.529905] 2499 3243 2997
[  208.529906] 2500 3350 2994
[  208.529908] 2501 3392 2995
[  208.529909] 2502 3355 2997
[  208.529910] 2503 3332 3002
[  208.529911] 2504 3315 3001
[  208.529913] 2505 3347 2997
[  208.529914] 2506 3390 3002
[  208.529915] 2507 3367 2999
[  208.529917] 2508 3392 2994
[  208.529918] 2509 3281 3001
[  208.529919] 2510 3291 2999
[  208.529921] 2511 3324 2997
[  208.529922] 2512 3394 2995
[  208.529923] 2513 3373 2994
[  208.529925] 2514 3336 2996
[  208.529926] 2515 3413 2999
[  208.529927] 2516 3403 2997
[  208.529928] 2517 3398 2996
[  208.529930] 2518 3441 2995
[  208.529931] 2519 3416 2999
[  208.529932] 2520 3343 3000
[  208.529934] 2521 3314 2992
[  208.529935] 2522 3306 2996
[  208.529938] 2523 3426 2999
[  208.529939] 2524 3336 2997
[  208.529940] 2525 3368 2992
[  208.529941] 2526 3463 3000
[  208.529943] 2527 3380 2996
[  208.529944] 2528 3363 3002
[  208.529945] 2529 3365 2996
[  208.529947] 2530 3409 2998
[  208.529948] 2531 3374 2997
[  208.529949] 2532 3310 2997
[  208.529950] 2533 3262 2991
[  208.529952] 2534 3364 2995
[  208.529953] 2535 3368 2996
[  208.529954] 2536 3365 2998
[  208.529956] 2537 3454 3001
[  208.529957] 2538 3408 2995
[  208.529958] 2539 3409 2993
[  208.529960] 2540 3207 3000
[  208.529961] 2541 3361 3004
[  208.529962] 2542 3404 2999
[  208.529963] 2543 3310 2991
[  208.529965] 2544 3280 2995
[  208.529967] 2545 3247 2998
[  208.529969] 2546 3283 2997
[  208.529971] 2547 3290 2995
[  208.529972] 2548 3356 3004
[  208.529973] 2549 3325 2994
[  208.529975] 2550 3335 2998
[  208.529976] 2551 3376 2996
[  208.529977] 2552 3310 2994
[  208.529979] 2553 3297 2992
[  208.529980] 2554 3322 2993
[  208.529981] 2555 3355 2996
[  208.529982] 2556 3249 2994
[  208.529984] 2557 3263 2993
[  208.529985] 2558 3316 2995
[  208.529986] 2559 3302 2997
[  208.529988] 2560 3312 2989
[  208.529989] 2561 3302 2992
[  208.529990] 2562 3348 2992
[  208.529992] 2563 3347 2992
[  208.529993] 2564 3337 2993
[  208.529994] 2565 3387 2994
[  208.529995] 2566 3311 2991
[  208.529997] 2567 3267 2995
[  208.529998] 2568 3277 2996
[  208.529999] 2569 3285 2994
[  208.530001] 2570 3309 2999
[  208.530002] 2571 3332 3002
[  208.530005] 2572 3359 2994
[  208.530006] 2573 3363 2994
[  208.530008] 2574 3356 2999
[  208.530009] 2575 3341 2995
[  208.530010] 2576 3325 3003
[  208.530012] 2577 3382 2995
[  208.530013] 2578 3340 2990
[  208.530014] 2579 3239 2997
[  208.530016] 2580 3315 2998
[  208.530017] 2581 3273 2995
[  208.530023] 2582 3285 3000
[  208.530025] 2583 3309 3003
[  208.530026] 2584 3272 2992
[  208.530027] 2585 3310 2989
[  208.530029] 2586 3318 2992
[  208.530030] 2587 3305 2992
[  208.530031] 2588 3284 2991
[  208.530033] 2589 3325 2994
[  208.530034] 2590 3286 2998
[  208.530035] 2591 3267 2997
[  208.530037] 2592 3287 2997
[  208.530038] 2593 3297 2997
[  208.530040] 2594 3306 2996
[  208.530041] 2595 3337 2998
[  208.530042] 2596 3337 2996
[  208.530045] 2597 3252 2999
[  208.530046] 2598 3353 2997
[  208.530048] 2599 3353 2989
[  208.530049] 2600 3293 2991
[  208.530050] 2601 3294 2996
[  208.530052] 2602 3276 2998
[  208.530053] 2603 3229 2990
[  208.530054] 2604 3291 2997
[  208.530055] 2605 3336 3006
[  208.530057] 2606 3276 2992
[  208.530058] 2607 3277 2989
[  208.530059] 2608 3335 2992
[  208.530061] 2609 3282 2994
[  208.530062] 2610 3263 2995
[  208.530063] 2611 3315 2995
[  208.530065] 2612 3312 2993
[  208.530066] 2613 3332 2996
[  208.530067] 2614 3317 2995
[  208.530069] 2615 3210 2994
[  208.530070] 2616 3282 2998
[  208.530071] 2617 3325 2994
[  208.530073] 2618 3265 2997
[  208.530074] 2619 3342 2996
[  208.530076] 2620 3354 2997
[  208.530077] 2621 3430 2999
[  208.530080] 2622 3416 2996
[  208.530081] 2623 3383 2995
[  208.530082] 2624 3421 2993
[  208.530083] 2625 3391 3000
[  208.530085] 2626 3286 3003
[  208.530086] 2627 3290 2996
[  208.530087] 2628 3313 2995
[  208.530089] 2629 3340 2989
[  208.530090] 2630 3394 2993
[  208.530091] 2631 3411 2998
[  208.530093] 2632 3413 2997
[  208.530094] 2633 3447 2995
[  208.530095] 2634 3392 2996
[  208.530097] 2635 3357 3000
[  208.530098] 2636 3340 2991
[  208.530099] 2637 3310 2994
[  208.530100] 2638 3296 2994
[  208.530102] 2639 3277 2993
[  208.530103] 2640 3411 3001
[  208.530104] 2641 3380 2998
[  208.530106] 2642 3312 2996
[  208.530107] 2643 3374 2995
[  208.530108] 2644 3370 2995
[  208.530110] 2645 3367 2997
[  208.530111] 2646 3359 2992
[  208.530112] 2647 3399 2993
[  208.530113] 2648 3353 2992
[  208.530115] 2649 3355 3000
[  208.530116] 2650 3306 2993
[  208.530117] 2651 3369 2995
[  208.530119] 2652 3397 2999
[  208.530120] 2653 3367 2997
[  208.530123] 2654 3368 2997
[  208.530124] 2655 3421 2990
[  208.530126] 2656 3361 2997
[  208.530127] 2657 3370 2994
[  208.530128] 2658 3376 2997
[  208.530130] 2659 3372 2997
[  208.530131] 2660 3347 2996
[  208.530132] 2661 3296 2998
[  208.530134] 2662 3337 2998
[  208.530135] 2663 3356 2996
[  208.530136] 2664 3350 2997
[  208.530138] 2665 3346 2991
[  208.530139] 2666 3375 3002
[  208.530140] 2667 3354 2998
[  208.530142] 2668 3431 3000
[  208.530143] 2669 3390 3005
[  208.530144] 2670 3388 2997
[  208.530146] 2671 3379 2996
[  208.530147] 2672 3355 3000
[  208.530148] 2673 3344 2999
[  208.530150] 2674 3293 3000
[  208.530152] 2675 3388 3003
[  208.530153] 2676 3352 2998
[  208.530155] 2677 3438 2995
[  208.530156] 2678 3420 2996
[  208.530157] 2679 3404 2996
[  208.530159] 2680 3361 2996
[  208.530160] 2681 3339 2989
[  208.530161] 2682 3398 3003
[  208.530163] 2683 3373 2998
[  208.530164] 2684 3320 2993
[  208.530165] 2685 3284 2991
[  208.530166] 2686 3299 3000
[  208.530168] 2687 3381 2989
[  208.530169] 2688 3413 2996
[  208.530170] 2689 3402 2991
[  208.530172] 2690 3353 2992
[  208.530173] 2691 3437 2989
[  208.530174] 2692 3392 2991
[  208.530175] 2693 3389 2991
[  208.530177] 2694 3313 2997
[  208.530178] 2695 3364 2998
[  208.530180] 2696 3323 2992
[  208.530181] 2697 3215 2994
[  208.530184] 2698 3378 2996
[  208.530185] 2699 3402 2995
[  208.530186] 2700 3414 2995
[  208.530188] 2701 3431 2995
[  208.530189] 2702 3393 2996
[  208.530190] 2703 3358 2995
[  208.530192] 2704 3346 2999
[  208.530193] 2705 3370 2996
[  208.530194] 2706 3430 3001
[  208.530195] 2707 3329 2990
[  208.530197] 2708 3308 2997
[  208.530198] 2709 3301 2992
[  208.530203] 2710 3286 2994
[  208.530205] 2711 3370 3001
[  208.530206] 2712 3238 2992
[  208.530208] 2713 3327 2994
[  208.530210] 2714 3330 2989
[  208.530211] 2715 3366 2999
[  208.530213] 2716 3361 2996
[  208.530215] 2717 3323 2995
[  208.530216] 2718 3334 2992
[  208.530217] 2719 3308 3001
[  208.530219] 2720 3350 2994
[  208.530220] 2721 3269 2998
[  208.530221] 2722 3330 2994
[  208.530222] 2723 3370 2992
[  208.530224] 2724 3320 2985
[  208.530225] 2725 3301 2993
[  208.530226] 2726 3252 2985
[  208.530228] 2727 3343 2998
[  208.530229] 2728 3390 2994
[  208.530238] 2729 3377 2987
[  208.530246] 2730 3324 2994
[  208.530256] 2731 3352 2996
[  208.530265] 2732 3230 2994
[  208.530273] 2733 3218 2992
[  208.530281] 2734 3327 2994
[  208.530289] 2735 3303 2997
[  208.530296] 2736 3339 2991
[  208.530306] 2737 3368 2993
[  208.530314] 2738 3316 2994
[  208.530321] 2739 3369 2993
[  208.530329] 2740 3322 2995
[  208.530338] 2741 3282 3002
[  208.530346] 2742 3352 2993
[  208.530353] 2743 3293 2993
[  208.530362] 2744 3293 2994
[  208.530372] 2745 3272 2990
[  208.530380] 2746 3320 2990
[  208.530388] 2747 3301 2995
[  208.530395] 2748 3297 2995
[  208.530406] 2749 3390 2993
[  208.530414] 2750 3362 3001
[  208.530421] 2751 3298 2986
[  208.530429] 2752 3341 2995
[  208.530440] 2753 3342 3004
[  208.530448] 2754 3384 2998
[  208.530456] 2755 3310 2990
[  208.530464] 2756 3287 2997
[  208.530470] 2757 3262 2994
[  208.530482] 2758 3252 2996
[  208.530490] 2759 3330 2989
[  208.530497] 2760 3373 2989
[  208.530505] 2761 3329 2996
[  208.530513] 2762 3368 2996
[  208.530525] 2763 3336 2997
[  208.530533] 2764 3394 2990
[  208.530540] 2765 3389 2998
[  208.530548] 2766 3339 2992
[  208.530558] 2767 3328 3001
[  208.530568] 2768 3304 2996
[  208.530575] 2769 3291 2997
[  208.530583] 2770 3310 3001
[  208.530593] 2771 3321 2996
[  208.530602] 2772 3319 2998
[  208.530609] 2773 3348 2998
[  208.530617] 2774 3340 2996
[  208.530624] 2775 3363 2997
[  208.530633] 2776 3394 2996
[  208.530641] 2777 3367 2997
[  208.530649] 2778 3337 2999
[  208.530656] 2779 3378 2997
[  208.530664] 2780 3274 3003
[  208.530672] 2781 3270 2999
[  208.530683] 2782 3295 2999
[  208.530690] 2783 3408 2995
[  208.530698] 2784 3299 3000
[  208.530706] 2785 3388 2994
[  208.530717] 2786 3356 2999
[  208.530724] 2787 3390 2998
[  208.530732] 2788 3379 2994
[  208.530740] 2789 3384 2999
[  208.530747] 2790 3370 2995
[  208.530755] 2791 3353 3000
[  208.530763] 2792 3400 3001
[  208.530771] 2793 3295 2999
[  208.530779] 2794 3292 2997
[  208.530787] 2795 3400 2998
[  208.530793] 2796 3380 2997
[  208.530802] 2797 3361 2997
[  208.530810] 2798 3357 2998
[  208.530818] 2799 3415 2994
[  208.530824] 2800 3437 2997
[  208.530832] 2801 3427 3003
[  208.530839] 2802 3363 2997
[  208.530847] 2803 3373 2999
[  208.530854] 2804 3313 2999
[  208.530862] 2805 3308 2990
[  208.530874] 2806 3426 2997
[  208.530882] 2807 3322 3000
[  208.530890] 2808 3400 2993
[  208.530897] 2809 3363 2990
[  208.530904] 2810 3439 2996
[  208.530912] 2811 3409 2994
[  208.530921] 2812 3420 2988
[  208.530930] 2813 3409 2996
[  208.530937] 2814 3353 3002
[  208.530945] 2815 3367 2993
[  208.530952] 2816 3291 2997
[  208.530953] 2817 3427 2997
[  208.530955] 2818 3357 2999
[  208.530956] 2819 3391 2994
[  208.530957] 2820 3246 2998
[  208.530959] 2821 3354 2993
[  208.530961] 2822 3355 2986
[  208.530964] 2823 3359 2989
[  208.530965] 2824 3394 2999
[  208.530966] 2825 3327 2994
[  208.530968] 2826 3298 2995
[  208.530969] 2827 3273 2991
[  208.530970] 2828 3250 2993
[  208.530971] 2829 3341 2994
[  208.530973] 2830 3335 2999
[  208.530974] 2831 3337 2987
[  208.530975] 2832 3335 2993
[  208.530977] 2833 3319 3004
[  208.530978] 2834 3381 2989
[  208.530979] 2835 3348 2992
[  208.530981] 2836 3402 2995
[  208.530982] 2837 3311 2994
[  208.530987] 2838 3353 2995
[  208.530988] 2839 3281 2990
[  208.530990] 2840 3304 2996
[  208.530991] 2841 3337 2995
[  208.530992] 2842 3298 2993
[  208.530994] 2843 3293 2993
[  208.530996] 2844 3338 2995
[  208.530998] 2845 3390 2990
[  208.530999] 2846 3319 2995
[  208.531000] 2847 3350 2994
[  208.531002] 2848 3369 2993
[  208.531003] 2849 3358 2997
[  208.531004] 2850 3293 2995
[  208.531006] 2851 3327 2994
[  208.531007] 2852 3283 2996
[  208.531008] 2853 3321 2991
[  208.531009] 2854 3338 2992
[  208.531011] 2855 3370 2993
[  208.531012] 2856 3321 2992
[  208.531013] 2857 3352 2980
[  208.531015] 2858 3371 2994
[  208.531016] 2859 3317 2999
[  208.531017] 2860 3333 2993
[  208.531018] 2861 3304 2995
[  208.531020] 2862 3347 2994
[  208.531021] 2863 3312 2997
[  208.531023] 2864 3254 2999
[  208.531024] 2865 3259 2990
[  208.531026] 2866 3347 2985
[  208.531028] 2867 3374 3000
[  208.531029] 2868 3330 2994
[  208.531030] 2869 3302 2995
[  208.531032] 2870 3343 2988
[  208.531033] 2871 3314 2994
[  208.531034] 2872 3346 2997
[  208.531036] 2873 3366 2998
[  208.531037] 2874 3296 3001
[  208.531038] 2875 3252 2995
[  208.531040] 2876 3275 2998
[  208.531041] 2877 3339 2992
[  208.531042] 2878 3325 2997
[  208.531044] 2879 3272 2997
[  208.531045] 2880 3317 3001
[  208.531046] 2881 3359 2998
[  208.531047] 2882 3335 3001
[  208.531049] 2883 3346 2998
[  208.531050] 2884 3336 2998
[  208.531051] 2885 3301 2996
[  208.531053] 2886 3307 2997
[  208.531054] 2887 3271 2993
[  208.531055] 2888 3285 3001
[  208.531057] 2889 3337 3000
[  208.531058] 2890 3280 2995
[  208.531059] 2891 3311 2997
[  208.531061] 2892 3309 2993
[  208.531062] 2893 3344 2995
[  208.531063] 2894 3299 2998
[  208.531065] 2895 3359 2996
[  208.531066] 2896 3301 2999
[  208.531068] 2897 3318 3001
[  208.531069] 2898 3239 2996
[  208.531072] 2899 3291 2996
[  208.531073] 2900 3395 2994
[  208.531074] 2901 3416 2998
[  208.531076] 2902 3416 3001
[  208.531077] 2903 3443 2997
[  208.531078] 2904 3431 2998
[  208.531080] 2905 3411 2997
[  208.531081] 2906 3420 2999
[  208.531082] 2907 3396 3000
[  208.531083] 2908 3451 2999
[  208.531085] 2909 3431 3002
[  208.531086] 2910 3348 2998
[  208.531087] 2911 3348 3000
[  208.531089] 2912 3368 2997
[  208.531090] 2913 3368 2995
[  208.531091] 2914 3471 2999
[  208.531093] 2915 3387 2995
[  208.531094] 2916 3432 2997
[  208.531095] 2917 3534 3000
[  208.531097] 2918 3402 2999
[  208.531098] 2919 3336 2997
[  208.531101] 2920 3470 2995
[  208.531102] 2921 3384 2996
[  208.531103] 2922 3368 3001
[  208.531104] 2923 3344 2998
[  208.531106] 2924 3375 2997
[  208.531107] 2925 3384 2999
[  208.531108] 2926 3321 2988
[  208.531110] 2927 3494 2998
[  208.531111] 2928 3457 3001
[  208.531112] 2929 3352 2999
[  208.531114] 2930 3387 3005
[  208.531115] 2931 3406 2996
[  208.531116] 2932 3403 3000
[  208.531117] 2933 3399 2996
[  208.531119] 2934 3335 2998
[  208.531120] 2935 3352 3000
[  208.531121] 2936 3467 3001
[  208.531123] 2937 3426 2998
[  208.531124] 2938 3450 2997
[  208.531125] 2939 3452 2997
[  208.531127] 2940 3426 2996
[  208.531129] 2941 3420 2995
[  208.531131] 2942 3361 2991
[  208.531132] 2943 3396 2995
[  208.531134] 2944 3438 2996
[  208.531135] 2945 3372 2992
[  208.531136] 2946 3306 2996
[  208.531137] 2947 3318 2989
[  208.531139] 2948 3388 2994
[  208.531140] 2949 3370 2996
[  208.531141] 2950 3390 2993
[  208.531143] 2951 3391 2993
[  208.531144] 2952 3362 2998
[  208.531145] 2953 3364 2999
[  208.531147] 2954 3334 2997
[  208.531148] 2955 3397 3002
[  208.531149] 2956 3350 2995
[  208.531150] 2957 3347 2999
[  208.531152] 2958 3303 2996
[  208.531153] 2959 3271 3000
[  208.531155] 2960 3348 2998
[  208.531156] 2961 3361 2999
[  208.531159] 2962 3379 2998
[  208.531160] 2963 3379 2993
[  208.531162] 2964 3441 2995
[  208.531163] 2965 3346 2995
[  208.531168] 2966 3392 2995
[  208.531169] 2967 3399 2998
[  208.531171] 2968 3345 2993
[  208.531172] 2969 3369 2993
[  208.531173] 2970 3283 3002
[  208.531175] 2971 3295 2996
[  208.531176] 2972 3332 2996
[  208.531177] 2973 3331 2995
[  208.531179] 2974 3333 2996
[  208.531180] 2975 3402 2997
[  208.531181] 2976 3390 2993
[  208.531183] 2977 3370 2994
[  208.531184] 2978 3327 2999
[  208.531185] 2979 3342 2994
[  208.531187] 2980 3334 2998
[  208.531188] 2981 3409 3003
[  208.531189] 2982 3411 2999
[  208.531191] 2983 3306 2995
[  208.531192] 2984 3402 2998
[  208.531194] 2985 3385 2999
[  208.531195] 2986 3383 2998
[  208.531198] 2987 3374 2991
[  208.531199] 2988 3423 2993
[  208.531200] 2989 3362 2990
[  208.531202] 2990 3398 2997
[  208.531203] 2991 3266 2992
[  208.531204] 2992 3309 2997
[  208.531206] 2993 3328 2996
[  208.531207] 2994 3309 2994
[  208.531208] 2995 3318 2997
[  208.531210] 2996 3337 2998
[  208.531211] 2997 3316 2995
[  208.531212] 2998 3323 2995
[  208.531213] 2999 3327 2995
[  208.531215] 3000 3340 3000
[  208.531216] 3001 3326 2997
[  208.531217] 3002 3319 2999
[  208.531219] 3003 3386 3001
[  208.531220] 3004 3339 2997
[  208.531221] 3005 3382 2999
[  208.531223] 3006 3248 2992
[  208.531224] 3007 3275 3000
[  208.531225] 3008 3338 2998
[  208.531226] 3009 3332 2996
[  208.531228] 3010 3302 2994
[  208.531229] 3011 3351 3002
[  208.531231] 3012 3333 3001
[  208.531233] 3013 3317 3000
[  208.531235] 3014 3293 2997
[  208.531236] 3015 3308 2997
[  208.531237] 3016 3338 2996
[  208.531239] 3017 3354 3000
[  208.531240] 3018 3261 2999
[  208.531241] 3019 3282 2999
[  208.531243] 3020 3275 2998
[  208.531244] 3021 3359 2999
[  208.531245] 3022 3324 3003
[  208.531246] 3023 3358 2996
[  208.531248] 3024 3303 2995
[  208.531249] 3025 3350 2997
[  208.531250] 3026 3375 3001
[  208.531252] 3027 141 140
[  208.531253] set_1000  set_linear_detection_num  set_page_num
